TimeStep,temp,pressure,vol,pe,ke,enthalpy,pxx,pyy,pzz,pxy,pxz,pyz,visc,time,hold_temp
0,690.849,2145.97,10630.8,-2817.4,44.5603,-2758.6,3234.44,1037.87,2165.58,1896.89,-3004.37,-1803.09,0.00291046,0.0,700.0
100000,625.709,1985.04,10630.8,-2815.86,40.3587,-2762.33,-2894.94,4280.26,4569.8,-1836.97,193.01,-2197.33,-0.189696,100.0,700.0
200000,672.43,2892.76,10630.8,-2817.86,43.3723,-2755.29,3986.75,3551.76,1139.78,-2664.43,-660.892,927.242,0.413545,200.0,700.0
300000,685.929,2998.99,10630.8,-2818.11,44.243,-2753.97,3018.64,2360.57,3617.76,325.366,57.29,1202.55,0.299167,300.0,700.0
400000,693.859,1811.36,10630.8,-2823.73,44.7545,-2766.96,3362.6,1774.32,297.161,-1828.78,-3633.87,2585.34,0.277409,400.0,700.0
500000,679.604,1390.37,10630.8,-2823.39,43.835,-2770.33,2392.69,1079.7,698.733,806.859,2536.21,1310.43,0.276715,500.0,700.0
600000,745.653,2159.94,10630.8,-2818.22,48.0952,-2755.79,2326.57,1073.17,3080.08,-155.909,362.343,-27.8587,0.294478,600.0,700.0
700000,717.699,2582.18,10630.8,-2820.55,46.2922,-2757.12,-3.04336,2180.08,5569.52,-1166.99,489.539,1523.99,0.327894,700.0,700.0
800000,701.538,3128.55,10630.8,-2816.7,45.2498,-2750.69,4225.44,4339.2,821.018,-97.992,187.389,1901.64,0.430826,800.0,700.0
900000,703.33,2085.19,10630.8,-2817.18,45.3654,-2757.98,3820.63,-684.984,3119.92,2435.06,1404.18,111.622,0.456251,900.0,700.0
1000000,703.405,3490.82,10630.8,-2818.85,45.3702,-2750.32,3592.14,1687.69,5192.62,82.7307,-2558.96,-3325.02,0.436193,1000.0,700.0
1100000,685.746,1345.34,10630.8,-2820.89,44.2312,-2767.73,2120.79,-86.7046,2001.94,-567.156,71.843,2082.67,0.416618,1100.0,700.0
1200000,727.964,2630.64,10630.8,-2819.92,46.9543,-2755.51,6749.88,-604.581,1746.62,-1114.55,2191.52,2736.37,0.510063,1200.0,700.0
1300000,702.515,2992.27,10630.8,-2820.59,45.3128,-2755.42,4564.63,-2184.57,6596.73,-2725.85,2499.98,-566.139,0.525861,1300.0,700.0
1400000,662.004,1916.98,10630.8,-2819.33,42.6998,-2763.91,-1885.37,2039.59,5596.73,43.0834,795.043,694.38,0.537162,1400.0,700.0
1500000,679.482,3010.2,10630.8,-2820.53,43.8272,-2756.73,4053.1,1170.33,3807.17,1050.72,1131.32,1324.62,0.55137,1500.0,700.0
1600000,682.826,2316.38,10630.8,-2818.97,44.0428,-2759.56,6670.17,-630.54,909.508,2022.57,540.541,969.272,0.559799,1600.0,700.0
1700000,676.829,1691.41,10630.8,-2821.46,43.656,-2766.59,5808.77,874.027,-1608.57,1878.7,-570.297,-2781.86,0.567526,1700.0,700.0
1800000,734.658,2391.64,10630.8,-2818.83,47.386,-2755.57,2862.72,2381.54,1930.67,-1007.52,275.563,358.368,0.562447,1800.0,700.0
1900000,710.002,3398.99,10630.8,-2819.75,45.7957,-2751.4,4726.1,2811.77,2659.11,181.65,-381.343,-2098.73,0.542332,1900.0,700.0
2000000,666.904,1544.39,10630.8,-2821.12,43.0158,-2767.86,3910.68,882.705,-160.2,2078.31,-582.728,91.0292,0.52536,2000.0,700.0
2100000,667.764,2907.67,10630.8,-2820.87,43.0713,-2758.5,1597.36,4768.78,2356.88,1737.42,-2455.28,-791.606,0.529887,2100.0,700.0
2200000,726.301,2072.65,10630.8,-2820.34,46.847,-2759.74,4020.34,965.522,1232.09,-2200.76,-1603.64,521.72,0.598871,2200.0,700.0
2300000,678.017,919.198,10630.8,-2821.15,43.7326,-2771.32,659.503,1945.77,152.322,2008.68,-3961.38,229.115,0.679132,2300.0,700.0
2400000,701.576,1923.52,10630.8,-2821.95,45.2522,-2763.94,2949.95,223.619,2596.98,3849.84,-1657.49,-195.021,0.752059,2400.0,700.0
2500000,666.161,1658.0,10630.8,-2820.89,42.968,-2766.92,2934.88,-2297.55,4336.68,2375.91,-2780.67,1006.17,0.8198,2500.0,700.0
2600000,693.469,2373.36,10630.8,-2819.66,44.7293,-2759.18,1703.97,789.975,4626.12,1465.53,-2639.43,-368.02,0.885116,2600.0,700.0
2700000,710.186,2574.08,10630.8,-2820.93,45.8076,-2758.05,3304.09,1318.76,3099.38,2250.04,-42.6067,526.146,0.938704,2700.0,700.0
2800000,678.858,2264.74,10630.8,-2822.13,43.7869,-2763.32,4485.95,-184.813,2493.08,-411.073,65.3052,-412.854,0.953385,2800.0,700.0
2900000,732.527,2877.21,10630.8,-2818.15,47.2486,-2751.81,2755.46,2453.75,3422.41,357.1,-775.974,1031.48,0.959045,2900.0,700.0
3000000,687.512,3977.78,10630.8,-2818.48,44.3451,-2747.74,4072.73,2632.24,5228.37,-1650.61,-2617.07,-2445.37,0.962637,3000.0,700.0
3100000,662.747,1298.55,10630.8,-2823.7,42.7477,-2772.34,3281.31,636.831,-22.4956,-485.928,379.535,-206.093,0.965557,3100.0,700.0
3200000,697.422,1770.54,10630.8,-2820.48,44.9843,-2763.75,3406.19,-992.962,2898.38,-1301.67,-405.917,2509.2,0.981937,3200.0,700.0
3300000,682.796,2588.68,10630.8,-2818.4,44.0409,-2757.18,4034.36,3267.04,464.632,-1274.15,-1891.8,-1137.31,0.991131,3300.0,700.0
3400000,710.327,275.564,10630.8,-2823.42,45.8167,-2775.77,3235.16,-1601.14,-807.325,-1184.45,-1920.42,-1700.64,1.01948,3400.0,700.0
3500000,672.916,2120.78,10630.8,-2816.32,43.4036,-2758.85,8325.41,-1640.0,-323.066,-51.6865,-1620.06,589.074,1.07479,3500.0,700.0
3600000,740.731,3197.62,10630.8,-2818.97,47.7777,-2749.97,3479.52,5728.77,384.562,2679.01,-2684.64,-2279.23,1.12179,3600.0,700.0
3700000,690.307,2753.12,10630.8,-2819.86,44.5254,-2757.07,1208.72,3405.46,3645.19,2037.33,-3598.27,-1291.7,1.17878,3700.0,700.0
3800000,705.062,1249.3,10630.8,-2820.99,45.477,-2767.23,-185.852,2483.42,1450.34,1225.75,-4320.01,-1729.57,1.22466,3800.0,700.0
3900000,680.808,2296.79,10630.8,-2819.95,43.9126,-2760.8,5592.27,170.52,1127.58,3283.16,-3170.23,234.229,1.2773,3900.0,700.0
4000000,668.966,3377.6,10630.8,-2818.57,43.1488,-2753.01,7439.78,2590.06,102.974,1552.55,-3443.41,-871.029,1.33916,4000.0,700.0
4100000,717.11,2809.01,10630.8,-2820.64,46.2542,-2755.75,4408.51,2829.16,1189.34,3449.35,1072.29,466.607,1.39193,4100.0,700.0
4200000,676.436,3004.66,10630.8,-2819.04,43.6307,-2755.48,3334.19,1836.56,3843.24,2465.66,-4275.68,119.627,1.43533,4200.0,700.0
4300000,678.963,-356.613,10630.8,-2826.32,43.7937,-2784.9,1034.61,-620.487,-1483.96,-110.998,-3290.97,-1123.33,1.47774,4300.0,700.0
4400000,714.676,2035.45,10630.8,-2821.29,46.0972,-2761.69,97.5423,5384.84,623.957,2320.08,-1463.37,-2087.03,1.51905,4400.0,700.0
4500000,702.375,3936.33,10630.8,-2818.87,45.3038,-2747.45,5222.43,5594.13,992.442,2150.06,-2264.97,713.402,1.55565,4500.0,700.0
4600000,679.362,2019.06,10630.8,-2821.23,43.8194,-2764.01,3096.58,1056.54,1904.08,1574.37,-1044.16,-1110.58,1.59216,4600.0,700.0
4700000,671.601,2432.08,10630.8,-2821.62,43.3188,-2762.16,4858.85,2618.72,-181.324,-948.918,-2119.17,-360.784,1.62582,4700.0,700.0
4800000,663.102,2615.76,10630.8,-2820.64,42.7706,-2760.51,2794.02,3104.27,1949.0,-1276.39,-2933.18,-2643.5,1.65182,4800.0,700.0
4900000,707.218,1919.02,10630.8,-2822.7,45.6161,-2764.35,940.469,4539.07,277.529,928.421,-3170.74,-3477.65,1.67591,4900.0,700.0
5000000,651.297,2424.81,10630.8,-2820.24,42.0092,-2762.14,2999.9,1409.81,2864.71,3505.8,-3150.63,-223.388,1.70867,5000.0,700.0
5100000,718.493,4187.38,10630.8,-2819.68,46.3434,-2745.55,3445.65,5043.54,4072.96,-664.511,-5729.4,-299.681,1.7421,5100.0,700.0
5200000,728.649,3162.27,10630.8,-2819.85,46.9984,-2751.87,6382.2,1764.69,1339.93,2149.51,-3126.72,136.906,1.77561,5200.0,700.0
5300000,720.209,1236.69,10630.8,-2821.5,46.454,-2766.84,1844.14,2104.05,-238.13,2067.23,-4301.15,-2241.62,1.80432,5300.0,700.0
5400000,685.137,1747.13,10630.8,-2823.41,44.1919,-2767.62,4686.98,1808.23,-1253.82,291.771,-3378.14,-1083.11,1.83337,5400.0,700.0
5500000,682.913,1316.41,10630.8,-2824.0,44.0485,-2771.22,1824.43,1246.71,878.092,702.594,-3540.02,586.008,1.85656,5500.0,700.0
5600000,750.884,2628.6,10630.8,-2820.31,48.4327,-2754.44,4503.47,4294.21,-911.87,248.174,-2051.25,1202.52,1.87294,5600.0,700.0
5700000,714.941,3390.14,10630.8,-2820.34,46.1143,-2751.73,2439.73,4389.09,3341.61,565.699,-529.012,262.776,1.86433,5700.0,700.0
5800000,731.491,3354.92,10630.8,-2818.99,47.1818,-2749.55,7134.48,2915.22,15.0483,141.798,-4305.5,704.117,1.85678,5800.0,700.0
5900000,744.155,2039.73,10630.8,-2818.35,47.9986,-2756.81,3919.99,-845.403,3044.62,1635.15,-2967.29,-3156.47,1.86956,5900.0,700.0
6000000,694.8,1601.97,10630.8,-2822.11,44.8152,-2766.67,5044.55,3363.37,-3602.0,-67.3126,-1310.52,-2425.79,1.87418,6000.0,700.0
6100000,723.093,1486.94,10630.8,-2818.32,46.6401,-2761.81,3185.27,1022.34,253.216,348.069,-2542.1,1202.84,1.87293,6100.0,700.0
6200000,675.203,2663.47,10630.8,-2820.8,43.5511,-2759.58,3916.43,4190.63,-116.669,1407.77,-794.673,-683.124,1.87297,6200.0,700.0
6300000,673.572,604.337,10630.8,-2825.02,43.4459,-2777.56,172.433,1504.95,135.626,2295.49,-3397.32,151.862,1.88083,6300.0,700.0
6400000,705.74,1006.54,10630.8,-2822.01,45.5208,-2769.81,5330.0,-302.789,-2007.6,345.712,-2567.99,854.98,1.89156,6400.0,700.0
6500000,690.707,2055.34,10630.8,-2819.83,44.5512,-2761.64,5816.54,362.448,-12.9572,-1160.91,-2723.66,1190.42,1.89599,6500.0,700.0
6600000,669.885,255.231,10630.8,-2821.53,43.2081,-2776.63,1594.42,-602.435,-226.293,1357.38,-4501.9,179.531,1.90407,6600.0,700.0
6700000,670.019,1821.86,10630.8,-2822.05,43.2168,-2766.74,553.402,3492.74,1419.43,2597.26,-1255.51,-1635.17,1.91723,6700.0,700.0
6800000,717.987,3999.94,10630.8,-2819.61,46.3107,-2746.75,5151.74,5507.28,1340.79,901.341,-2651.13,-1395.16,1.94515,6800.0,700.0
6900000,729.702,2627.82,10630.8,-2820.03,47.0664,-2755.52,4608.06,1518.8,1756.59,1245.32,-1480.66,-1017.27,1.97281,6900.0,700.0
7000000,723.839,1638.71,10630.8,-2821.34,46.6882,-2763.78,1149.16,5171.06,-1404.09,-322.434,-2950.2,286.979,1.97376,7000.0,700.0
7100000,696.397,2971.3,10630.8,-2821.84,44.9182,-2757.2,4193.7,6508.49,-1788.3,2006.39,-2543.59,-743.352,1.96892,7100.0,700.0
7200000,693.771,3557.9,10630.8,-2816.98,44.7488,-2748.62,3298.73,4829.07,2545.89,-1618.56,-821.868,-334.014,1.98197,7200.0,700.0
7300000,728.295,2427.96,10630.8,-2819.47,46.9756,-2756.39,2040.81,1264.44,3978.64,3616.19,-946.309,-687.805,1.98298,7300.0,700.0
7400000,658.501,2465.21,10630.8,-2824.6,42.4738,-2765.76,1457.72,5667.98,269.948,1280.01,-2684.07,-116.802,1.98416,7400.0,700.0
7500000,711.736,4091.42,10630.8,-2817.28,45.9075,-2744.22,4974.11,4273.64,3026.52,2317.9,-562.127,-515.496,1.98775,7500.0,700.0
7600000,684.652,1065.04,10630.8,-2823.31,44.1606,-2772.08,1972.64,870.089,352.395,-449.532,-1393.57,982.101,1.99266,7600.0,700.0
7700000,680.06,2018.74,10630.8,-2820.99,43.8644,-2763.73,3979.98,3229.24,-1153.01,629.545,-2773.59,-2805.8,1.99822,7700.0,700.0
7800000,682.176,3455.5,10630.8,-2820.6,44.0009,-2753.67,4478.2,3600.02,2288.29,982.704,-2621.78,-1650.02,1.99619,7800.0,700.0
7900000,718.593,2250.54,10630.8,-2821.12,46.3498,-2759.83,1428.3,2618.15,2705.18,100.885,-3293.03,532.358,1.98781,7900.0,700.0
8000000,742.618,3126.86,10630.8,-2823.09,47.8995,-2754.44,4941.66,2864.62,1574.29,2669.07,-1464.6,1477.89,1.98338,8000.0,700.0
8100000,702.593,1988.63,10630.8,-2824.1,45.3178,-2765.58,1103.57,2504.36,2357.96,1330.71,-2627.69,-1707.49,1.98631,8100.0,700.0
8200000,702.62,3334.78,10630.8,-2820.08,45.3195,-2752.64,1012.91,6739.11,2252.32,1615.66,-794.591,-1450.54,1.98587,8200.0,700.0
8300000,697.404,2071.04,10630.8,-2820.84,44.9831,-2762.11,1638.28,5691.66,-1116.82,-131.697,-2745.13,-364.22,1.98358,8300.0,700.0
8400000,671.052,2135.2,10630.8,-2822.15,43.2834,-2764.7,677.761,2949.92,2777.91,226.012,-1730.03,-143.235,1.98121,8400.0,700.0
8500000,749.436,3341.19,10630.8,-2820.96,48.3392,-2750.45,4525.6,4904.44,593.541,1726.52,-743.184,-169.796,1.98088,8500.0,700.0
8600000,730.726,2275.42,10630.8,-2822.24,47.1324,-2760.01,3009.18,5018.98,-1201.91,1340.5,-2709.82,-806.681,1.9787,8600.0,700.0
8700000,712.938,2660.3,10630.8,-2823.35,45.9851,-2759.71,2144.51,5057.38,779.019,198.441,-2342.63,-621.587,1.97469,8700.0,700.0
8800000,700.471,2737.78,10630.8,-2820.29,45.1809,-2756.94,4444.02,1976.89,1792.44,-609.855,-3400.46,2694.8,1.97083,8800.0,700.0
8900000,720.178,3289.21,10630.8,-2821.61,46.4521,-2753.33,5776.45,2097.08,1994.1,267.689,-1032.14,-2939.06,1.95837,8900.0,700.0
9000000,717.7,3309.93,10630.8,-2821.31,46.2922,-2753.05,2428.82,6265.14,1235.81,506.383,-817.718,-2014.68,1.94629,9000.0,700.0
9100000,731.887,2871.81,10630.8,-2817.75,47.2073,-2751.48,4412.47,4575.34,-372.369,-59.306,13.0735,-195.39,1.93078,9100.0,700.0
9200000,753.807,1348.6,10630.8,-2823.38,48.6212,-2765.81,137.79,2510.22,1397.8,-1446.01,-186.975,-2801.35,1.9172,9200.0,700.0
9300000,707.042,2761.58,10630.8,-2821.85,45.6048,-2757.92,1569.33,2226.17,4489.24,1062.14,-2920.34,-1422.76,1.9037,9300.0,700.0
9400000,641.452,1550.08,10630.8,-2820.29,41.3741,-2768.64,1354.71,1959.71,1335.83,-1185.11,-2397.05,-1204.03,1.89119,9400.0,700.0
9500000,666.083,3590.76,10630.8,-2820.04,42.9629,-2753.25,3571.17,4491.8,2709.32,546.831,-623.021,-2895.13,1.8812,9500.0,700.0
9600000,701.243,3047.69,10630.8,-2819.67,45.2307,-2754.22,3570.97,2767.29,2804.82,-1153.62,-10.5653,1455.75,1.87288,9600.0,700.0
9700000,765.204,3596.32,10630.8,-2819.13,49.3563,-2745.91,5338.89,1159.49,4290.59,618.916,-2445.23,-338.785,1.86361,9700.0,700.0
9800000,723.799,1578.1,10630.8,-2824.29,46.6856,-2767.14,2052.56,2157.66,524.074,1753.89,1614.34,-260.678,1.84931,9800.0,700.0
9900000,707.322,2403.64,10630.8,-2821.49,45.6228,-2759.91,4401.6,1188.13,1621.18,174.332,-2794.96,-123.922,1.83095,9900.0,700.0
10000000,644.826,2191.58,10630.8,-2820.13,41.5918,-2764.0,-143.348,2689.14,4028.95,-166.878,920.345,-1417.07,1.81371,10000.0,700.0
