TimeStep,temp,pressure,vol,pe,ke,enthalpy,pxx,pyy,pzz,pxy,pxz,pyz,visc,time,hold_temp
0,1923.07,-4953.02,9707.5,-2301.41,124.039,-2207.38,-4859.44,-4673.93,-5325.7,4055.53,239.371,377.316,0.00102673,0.0,1900.0
100000,2017.78,-8830.26,9707.5,-2307.93,130.149,-2231.29,-7538.07,-10810.8,-8141.94,-38.5742,2536.56,-5890.1,-0.00109068,100.0,1900.0
200000,1924.86,131.246,9707.5,-2283.58,124.155,-2158.63,2267.72,4057.97,-5931.95,1586.98,3880.34,-2392.69,0.00323674,200.0,1900.0
300000,1954.15,1133.5,9707.5,-2283.92,126.044,-2151.01,-1658.82,38.4479,5020.86,1590.06,-3020.48,3982.41,0.00334982,300.0,1900.0
400000,1936.75,-4914.88,9707.5,-2296.61,124.922,-2201.46,-9813.04,-3559.41,-1372.21,-2463.02,-3796.75,-2836.67,0.00569175,400.0,1900.0
500000,1810.6,-4919.16,9707.5,-2297.19,116.785,-2210.21,-4013.82,-5947.02,-4796.63,-661.989,-3194.95,3526.1,0.00516344,500.0,1900.0
600000,1977.62,-2192.91,9707.5,-2296.94,127.558,-2182.67,-1031.03,-7959.39,2411.7,1058.13,-2625.79,1752.15,0.00436088,600.0,1900.0
700000,1798.45,-4179.24,9707.5,-2296.73,116.001,-2206.05,-4426.85,255.366,-8366.24,-3346.39,-1442.18,2788.39,0.00390517,700.0,1900.0
800000,1941.66,-933.268,9707.5,-2293.0,125.238,-2173.42,-4749.94,861.542,1088.59,3019.43,2751.08,-1716.49,0.00376546,800.0,1900.0
900000,1826.37,-1530.43,9707.5,-2296.62,117.802,-2188.09,-8236.53,613.942,3031.29,4713.79,-447.61,458.999,0.00322876,900.0,1900.0
1000000,1907.32,-1696.34,9707.5,-2293.96,123.024,-2181.22,-5072.85,-1653.51,1637.34,-3222.6,-2322.78,-6595.91,0.00295887,1000.0,1900.0
1100000,1907.26,-4055.91,9707.5,-2299.49,123.02,-2201.04,-7049.82,-4102.68,-1015.24,176.93,-2462.14,-4413.57,0.00283689,1100.0,1900.0
1200000,1927.91,-1845.91,9707.5,-2293.96,124.351,-2180.8,-4341.81,-5888.84,4692.91,-2561.42,1458.98,-2497.48,0.00286488,1200.0,1900.0
1300000,1781.06,-2335.83,9707.5,-2298.87,114.88,-2198.15,-819.414,399.967,-6588.03,1323.42,851.402,1278.92,0.00277459,1300.0,1900.0
1400000,1937.5,-2517.63,9707.5,-2294.53,124.97,-2184.82,-5099.65,-1308.96,-1144.28,-795.26,837.287,-286.222,0.00283455,1400.0,1900.0
1500000,2068.64,-4490.26,9707.5,-2302.14,133.429,-2195.92,1726.85,-10247.7,-4949.94,-2489.88,-676.195,2034.75,0.0029353,1500.0,1900.0
1600000,1891.08,-3013.33,9707.5,-2296.88,121.976,-2193.16,-7699.71,-672.853,-667.421,-4449.51,-1548.18,-6426.2,0.00296819,1600.0,1900.0
1700000,1848.96,-9234.77,9707.5,-2300.29,119.259,-2236.98,-6149.74,-9048.85,-12505.7,-4910.18,-1122.42,2084.15,0.002784,1700.0,1900.0
1800000,1891.99,-6140.4,9707.5,-2296.1,122.035,-2211.27,-6819.04,-6938.55,-4663.61,4951.49,2511.92,1683.46,0.00290734,1800.0,1900.0
1900000,1858.66,1693.92,9707.5,-2288.91,119.885,-2158.76,6609.33,-2711.31,1183.72,-3076.49,-628.234,-3742.19,0.00269654,1900.0,1900.0
2000000,1880.91,-6134.06,9707.5,-2299.88,121.32,-2215.73,-2256.54,-8006.59,-8139.04,-2007.36,4987.32,-1851.51,0.00269648,2000.0,1900.0
2100000,1934.78,1021.26,9707.5,-2292.12,124.795,-2161.14,4014.0,434.894,-1385.11,-2356.63,2055.73,3669.42,0.00263232,2100.0,1900.0
2200000,1922.66,-4338.69,9707.5,-2298.49,124.013,-2200.76,-1668.7,-4299.19,-7048.18,-92.2133,764.85,248.292,0.00246054,2200.0,1900.0
2300000,1852.92,-8304.86,9707.5,-2301.99,119.515,-2232.8,-10897.5,-4842.08,-9175.01,6460.52,-483.064,5265.64,0.0026346,2300.0,1900.0
2400000,1837.02,41.7401,9707.5,-2289.54,118.489,-2170.8,982.902,-3852.78,2995.1,86.4945,-1670.93,90.657,0.00250562,2400.0,1900.0
2500000,1855.15,-4321.1,9707.5,-2293.44,119.659,-2199.96,-8359.17,-1523.71,-3080.43,-2132.89,1841.44,3217.34,0.00239805,2500.0,1900.0
2600000,1889.68,-4633.57,9707.5,-2301.31,121.886,-2207.5,-7302.57,291.373,-6889.52,1282.67,-292.187,-4565.56,0.0023262,2600.0,1900.0
2700000,1815.57,-4490.44,9707.5,-2295.25,117.106,-2205.36,1147.44,-14804.8,186.038,-1785.77,1030.09,5960.33,0.00232023,2700.0,1900.0
2800000,2034.0,514.041,9707.5,-2291.55,131.195,-2157.24,3729.12,-2738.51,551.516,3162.35,-1680.3,-3841.88,0.0025148,2800.0,1900.0
2900000,1879.18,-3817.46,9707.5,-2301.52,121.209,-2203.44,-11174.0,-1435.06,1156.69,-147.942,415.989,711.937,0.00244634,2900.0,1900.0
3000000,1949.77,-1188.45,9707.5,-2287.46,125.761,-2168.9,865.939,-1240.72,-3190.58,3757.15,1177.97,-513.916,0.00236501,3000.0,1900.0
3100000,1929.12,-5588.65,9707.5,-2292.94,124.43,-2202.38,-9154.79,-6760.21,-850.958,2481.38,-6913.73,-5383.97,0.00235412,3100.0,1900.0
3200000,1833.12,-1331.12,9707.5,-2293.71,118.238,-2183.53,709.102,-4179.11,-523.358,3304.75,508.034,767.758,0.00226823,3200.0,1900.0
3300000,1999.14,-1666.08,9707.5,-2299.34,128.946,-2180.48,-6732.32,4541.52,-2807.44,426.924,4180.83,5198.52,0.00212043,3300.0,1900.0
3400000,1956.6,-5924.7,9707.5,-2298.53,126.202,-2208.23,-2768.22,-10209.5,-4796.4,6960.45,1805.02,-883.715,0.00218437,3400.0,1900.0
3500000,1871.11,-7947.04,9707.5,-2298.71,120.688,-2226.17,-11249.2,-11249.2,-1342.68,-6430.72,-3673.48,2723.62,0.00229238,3500.0,1900.0
3600000,1956.39,-2860.36,9707.5,-2291.19,126.189,-2182.33,-293.009,-3467.04,-4821.03,-38.6048,-621.76,1976.11,0.00242587,3600.0,1900.0
3700000,1855.76,-3291.68,9707.5,-2296.99,119.698,-2197.23,-4654.77,-2168.19,-3052.06,2512.86,-665.664,1496.97,0.00242615,3700.0,1900.0
3800000,1816.71,-3313.01,9707.5,-2290.16,117.179,-2193.05,2666.18,-6500.71,-6104.5,2097.33,3931.58,-3303.36,0.00258582,3800.0,1900.0
3900000,1796.81,-2556.99,9707.5,-2295.89,115.896,-2195.48,184.261,2658.51,-10513.7,2385.47,965.99,3485.57,0.00280752,3900.0,1900.0
4000000,1825.19,-2921.5,9707.5,-2293.82,117.726,-2193.79,-2915.01,-3993.91,-1855.6,3972.68,574.371,-2901.21,0.00280461,4000.0,1900.0
4100000,1946.42,-3031.4,9707.5,-2292.54,125.546,-2185.36,-4287.57,-1907.66,-2898.97,-676.274,-2692.05,869.951,0.0027935,4100.0,1900.0
4200000,1911.6,-3555.34,9707.5,-2293.91,123.3,-2192.15,-155.807,-5796.92,-4713.28,3664.32,-1659.65,2889.03,0.00278427,4200.0,1900.0
4300000,1759.87,-5293.97,9707.5,-2301.18,113.513,-2219.74,-1651.99,-10778.0,-3451.89,-2079.57,549.613,-2538.04,0.00270312,4300.0,1900.0
4400000,1856.24,-5345.3,9707.5,-2304.69,119.729,-2217.34,-5940.13,-2902.06,-7193.71,923.224,6117.47,42.66,0.00275948,4400.0,1900.0
4500000,1873.04,-6820.96,9707.5,-2300.45,120.812,-2220.97,-7755.97,-12159.3,-547.644,1425.27,-2472.81,226.821,0.00276306,4500.0,1900.0
4600000,1831.58,1288.0,9707.5,-2280.45,118.138,-2154.51,2211.75,-539.988,2192.24,-1252.85,-1597.36,4851.43,0.00270133,4600.0,1900.0
4700000,1977.67,-10171.8,9707.5,-2306.46,127.561,-2240.53,-11162.4,-9904.42,-9448.48,8577.28,-1184.43,4685.87,0.00276949,4700.0,1900.0
4800000,2004.9,-1916.99,9707.5,-2295.73,129.317,-2178.03,-2338.24,-1649.64,-1763.08,-87.8065,-6151.67,234.447,0.0026786,4800.0,1900.0
4900000,1854.03,-2676.37,9707.5,-2292.33,119.587,-2188.96,-1248.36,-2492.23,-4288.54,-3462.77,-2315.35,3784.68,0.00268475,4900.0,1900.0
5000000,1866.09,-6135.17,9707.5,-2301.76,120.364,-2218.57,-3424.28,-3160.28,-11820.9,748.583,6616.86,-2150.17,0.0026656,5000.0,1900.0
5100000,1934.87,-4912.85,9707.5,-2297.32,124.8,-2202.28,-5252.85,-6484.23,-3001.48,-4188.79,932.961,821.23,0.00278118,5100.0,1900.0
5200000,1967.69,-6093.56,9707.5,-2300.12,126.918,-2210.13,-4473.21,-12452.3,-1355.13,-3247.44,-1979.25,-2432.82,0.00284307,5200.0,1900.0
5300000,1993.16,-3752.33,9707.5,-2296.77,128.561,-2190.94,-3880.83,-2208.44,-5167.74,3624.36,1219.1,-2073.04,0.00279066,5300.0,1900.0
5400000,1852.48,-7513.02,9707.5,-2301.34,119.486,-2227.38,-7219.35,-6267.56,-9052.16,50.7508,-3212.08,-3216.71,0.00277215,5400.0,1900.0
5500000,1917.22,-2281.97,9707.5,-2294.48,123.662,-2184.64,2498.18,-5025.81,-4318.29,-159.828,-1484.89,3113.88,0.00274797,5500.0,1900.0
5600000,1869.03,-3629.41,9707.5,-2292.46,120.554,-2193.89,-4883.35,-774.488,-5230.39,-313.46,-521.728,-863.134,0.00272794,5600.0,1900.0
5700000,1948.61,3968.13,9707.5,-2286.59,125.687,-2136.86,3460.34,6866.12,1577.93,-452.45,-3022.6,330.261,0.00269938,5700.0,1900.0
5800000,1797.58,-7176.47,9707.5,-2298.98,115.946,-2226.51,-5267.78,-7821.07,-8440.55,5072.8,-398.957,-3907.61,0.0026873,5800.0,1900.0
5900000,1842.88,-1460.42,9707.5,-2292.21,118.867,-2182.2,-8208.58,7118.12,-3290.81,-2717.07,1717.28,-58.3971,0.00260685,5900.0,1900.0
6000000,1865.58,-8188.89,9707.5,-2307.58,120.331,-2236.86,-11964.6,-8342.4,-4259.66,1229.82,-1560.61,1397.99,0.00268448,6000.0,1900.0
6100000,1927.81,-4796.41,9707.5,-2296.12,124.345,-2200.84,-2207.49,-7264.0,-4917.74,-2793.1,2750.03,-1799.41,0.00266114,6100.0,1900.0
6200000,1926.1,582.435,9707.5,-2288.38,124.235,-2160.61,3167.51,-5537.03,4116.83,3080.87,-2561.03,5792.59,0.00257812,6200.0,1900.0
6300000,1821.81,-8852.62,9707.5,-2303.78,117.508,-2239.91,-12473.2,-5880.25,-8204.43,534.981,-4287.16,-2069.1,0.0025562,6300.0,1900.0
6400000,1845.68,-5090.01,9707.5,-2294.71,119.048,-2206.5,-8455.02,-6991.92,176.919,-346.17,-4888.66,1034.47,0.00252878,6400.0,1900.0
6500000,1895.42,-3261.02,9707.5,-2297.3,122.256,-2194.8,-3406.0,-3535.41,-2841.64,3178.22,-972.524,-2380.1,0.00249714,6500.0,1900.0
6600000,1899.71,-7056.84,9707.5,-2297.37,122.533,-2217.59,-7302.94,-2526.78,-11340.8,927.397,3254.81,-2559.5,0.00252777,6600.0,1900.0
6700000,1926.16,-6194.92,9707.5,-2300.59,124.239,-2213.89,-4638.53,-5873.54,-8072.7,3225.56,2113.17,-3032.26,0.0024954,6700.0,1900.0
6800000,1883.29,-509.266,9707.5,-2294.88,121.473,-2176.49,547.253,1692.91,-3767.96,-694.115,2866.33,414.237,0.00254201,6800.0,1900.0
6900000,1923.4,1442.48,9707.5,-2301.77,124.061,-2168.97,4112.51,-5366.0,5580.93,-6126.34,-2897.88,3300.29,0.00254372,6900.0,1900.0
7000000,1968.94,-3615.13,9707.5,-2296.59,126.998,-2191.5,-4191.62,-2994.98,-3658.78,-82.1756,482.145,3268.33,0.0025753,7000.0,1900.0
7100000,1915.94,-2515.87,9707.5,-2297.8,123.58,-2189.47,-2475.1,-2918.94,-2153.56,5735.1,1230.67,2848.71,0.00253945,7100.0,1900.0
7200000,1797.66,-5299.85,9707.5,-2297.38,115.95,-2213.55,-10832.7,-4374.06,-692.812,-741.834,-392.099,698.811,0.00257389,7200.0,1900.0
7300000,1882.14,-4193.69,9707.5,-2295.9,121.399,-2199.91,-2998.15,-3719.21,-5863.7,-1547.1,-1041.97,-438.193,0.00261627,7300.0,1900.0
7400000,1929.47,-3217.69,9707.5,-2303.35,124.452,-2198.39,-6096.08,-7319.8,3762.81,-2408.64,2576.5,1591.29,0.00263136,7400.0,1900.0
7500000,1998.53,-5878.47,9707.5,-2299.74,128.907,-2206.45,-10281.4,-2726.43,-4627.59,1643.39,-636.642,-644.531,0.00261976,7500.0,1900.0
7600000,2064.09,-4998.09,9707.5,-2300.6,133.135,-2197.75,-7367.53,-4517.7,-3109.04,5158.08,-455.394,434.637,0.00258489,7600.0,1900.0
7700000,1906.88,-3209.65,9707.5,-2297.17,122.995,-2193.62,-6092.44,-75.1763,-3461.32,-3938.21,-1586.16,-318.203,0.00262343,7700.0,1900.0
7800000,1926.12,-3710.68,9707.5,-2295.81,124.236,-2194.06,688.511,-10101.3,-1719.29,1193.47,729.101,-791.136,0.00254822,7800.0,1900.0
7900000,1925.78,-3167.31,9707.5,-2297.51,124.214,-2192.49,4208.44,-6747.09,-6963.27,1669.04,-607.636,-2046.18,0.00260846,7900.0,1900.0
8000000,1690.47,-3784.21,9707.5,-2289.86,109.037,-2203.75,1117.6,-4519.95,-7950.28,1114.89,-5525.59,-4437.65,0.00260163,8000.0,1900.0
8100000,1936.04,1983.85,9707.5,-2283.7,124.876,-2146.81,3225.89,1417.72,1307.96,-1411.45,-404.125,1530.37,0.0026305,8100.0,1900.0
8200000,1818.04,-6903.69,9707.5,-2298.36,117.265,-2222.93,-7930.06,-5993.03,-6788.0,-4116.6,1707.47,-999.906,0.00262876,8200.0,1900.0
8300000,1881.24,-5548.01,9707.5,-2296.82,121.341,-2209.1,-6707.59,-7183.8,-2752.62,618.477,2338.31,3035.55,0.0025954,8300.0,1900.0
8400000,1873.48,-4233.54,9707.5,-2291.96,120.841,-2196.77,-1457.76,-8924.24,-2318.61,-1894.94,-1789.24,2343.79,0.00255222,8400.0,1900.0
8500000,1836.89,-5344.18,9707.5,-2302.95,118.481,-2216.85,-2215.5,-7067.79,-6749.25,-2664.6,-850.277,-957.808,0.00256348,8500.0,1900.0
8600000,2025.31,-2855.39,9707.5,-2295.4,130.634,-2182.07,-1978.03,-4402.42,-2185.7,-1395.82,-4802.24,1086.71,0.00253249,8600.0,1900.0
8700000,1836.16,-3270.14,9707.5,-2294.04,118.434,-2195.42,-2248.24,-5509.11,-2053.07,-2818.45,-2876.52,3977.84,0.00252188,8700.0,1900.0
8800000,1884.32,-7779.64,9707.5,-2305.77,121.54,-2231.37,-5127.01,-12860.6,-5351.28,-155.055,-188.529,736.909,0.00264633,8800.0,1900.0
8900000,1907.74,-4657.72,9707.5,-2300.81,123.051,-2205.98,680.105,-7719.55,-6933.71,-51.8153,-3445.51,-4765.03,0.00264368,8900.0,1900.0
9000000,1733.41,-11390.7,9707.5,-2301.06,111.806,-2258.27,-8532.12,-14208.0,-11432.0,390.197,3378.21,-3083.12,0.00261253,9000.0,1900.0
9100000,1861.24,-5252.96,9707.5,-2302.96,120.051,-2214.73,-5031.5,-5501.76,-5225.62,-7898.05,2925.33,1358.41,0.00266821,9100.0,1900.0
9200000,1885.64,-5292.95,9707.5,-2296.81,121.625,-2207.26,-9464.15,-7560.7,1146.0,2329.74,1157.56,-2.35468,0.0026783,9200.0,1900.0
9300000,1891.46,-1551.46,9707.5,-2296.75,122.001,-2184.15,-4008.75,6678.36,-7323.98,1587.47,1438.34,2953.59,0.00264303,9300.0,1900.0
9400000,1891.98,-3295.9,9707.5,-2297.02,122.034,-2194.96,-5808.79,-4110.69,31.8005,-275.25,-9392.11,-2014.08,0.00262217,9400.0,1900.0
9500000,1847.14,-5860.67,9707.5,-2298.02,119.142,-2214.39,-13610.2,-2953.99,-1017.83,-2799.46,2108.25,-2195.99,0.00261679,9500.0,1900.0
9600000,1954.58,-6889.36,9707.5,-2299.52,126.072,-2215.19,-11707.8,-5875.65,-3084.67,-6338.84,4263.09,-974.186,0.00262585,9600.0,1900.0
9700000,1806.42,-4715.66,9707.5,-2296.34,116.516,-2208.4,-6655.11,-1895.66,-5596.22,-2526.51,782.625,-4085.03,0.00269313,9700.0,1900.0
9800000,1801.91,-1510.75,9707.5,-2293.64,116.224,-2186.57,-832.014,-4519.64,819.393,3073.65,-3894.28,1739.43,0.0026368,9800.0,1900.0
9900000,1914.43,-6734.15,9707.5,-2300.23,123.482,-2217.55,-7527.75,-11649.3,-1025.36,-4844.37,4959.2,-1141.34,0.00270691,9900.0,1900.0
10000000,1981.94,-1912.54,9707.5,-2292.64,127.837,-2176.4,-1061.36,-4775.44,99.1804,-274.344,1848.48,-2066.62,0.00268401,10000.0,1900.0
