TimeStep,temp,pressure,vol,pe,ke,enthalpy,pxx,pyy,pzz,pxy,pxz,pyz,visc,time,hold_temp
0,1981.09,8336.77,10016.7,-2432.06,127.782,-2252.16,9429.08,12334.9,3246.31,1533.82,-2501.76,-2153.9,0.000843289,0.0,1900.0
100000,1918.05,2804.13,10016.7,-2444.48,123.716,-2303.24,-1321.04,2752.22,6981.23,-3111.67,1367.94,-4473.7,0.0134448,100.0,1900.0
200000,1901.75,5959.18,10016.7,-2435.92,122.664,-2276.0,1269.61,12293.6,4314.37,-1587.2,-945.07,-1908.76,0.00269823,200.0,1900.0
300000,2042.78,8344.85,10016.7,-2439.66,131.761,-2255.72,8155.22,6868.39,10010.9,3040.33,1942.45,-1560.54,0.00329657,300.0,1900.0
400000,1913.22,1975.02,10016.7,-2449.34,123.404,-2313.59,6134.54,2025.03,-2234.5,2165.51,-1815.73,4033.94,0.00258777,400.0,1900.0
500000,1816.84,2739.61,10016.7,-2444.06,117.188,-2309.74,923.586,1834.62,5460.64,-1286.36,-1815.31,-570.091,0.00230115,500.0,1900.0
600000,1856.23,5754.36,10016.7,-2440.91,119.728,-2285.21,7232.22,4433.53,5597.35,1582.85,-578.194,5246.65,0.00232474,600.0,1900.0
700000,2001.44,3961.73,10016.7,-2445.0,129.095,-2291.14,2878.0,1787.28,7219.92,-712.466,1324.01,-1905.68,0.00198327,700.0,1900.0
800000,1898.54,494.287,10016.7,-2446.22,122.458,-2320.67,-3787.61,2081.95,3188.52,2352.6,1190.05,3287.52,0.00144895,800.0,1900.0
900000,1975.86,3344.99,10016.7,-2444.3,127.445,-2295.94,4730.81,7233.0,-1928.85,954.192,1024.42,1630.26,0.00152976,900.0,1900.0
1000000,1856.64,2263.85,10016.7,-2446.32,119.755,-2312.41,2138.47,-1564.55,6217.63,3109.51,-704.86,-1487.64,0.00168132,1000.0,1900.0
1100000,1892.62,9896.12,10016.7,-2432.98,122.076,-2249.03,6368.74,12191.1,11128.5,1139.69,81.6085,-1999.72,0.00176728,1100.0,1900.0
1200000,1796.19,4648.21,10016.7,-2439.02,115.856,-2294.1,3271.17,6623.92,4049.53,-311.768,-2945.38,1295.3,0.00188122,1200.0,1900.0
1300000,1853.56,3550.31,10016.7,-2442.79,119.556,-2301.04,3647.97,-778.021,7780.98,1896.62,2367.4,2984.13,0.00171503,1300.0,1900.0
1400000,1998.68,6522.27,10016.7,-2437.29,128.917,-2267.6,9681.82,5886.3,3998.7,-4561.58,3964.18,-1193.17,0.00196852,1400.0,1900.0
1500000,2008.19,4140.61,10016.7,-2440.28,129.53,-2284.86,289.213,3314.91,8817.71,5451.44,22.9613,2602.97,0.00255668,1500.0,1900.0
1600000,1953.16,5585.61,10016.7,-2441.83,125.981,-2280.93,7294.81,-142.288,9604.32,1873.92,-1727.5,-1869.03,0.00306668,1600.0,1900.0
1700000,1909.07,1879.3,10016.7,-2448.11,123.137,-2313.22,-2505.8,2832.06,5311.65,358.975,-1047.12,597.775,0.0029671,1700.0,1900.0
1800000,1899.05,4621.02,10016.7,-2435.41,122.49,-2284.03,2638.17,2105.13,9119.77,-3405.77,6167.58,5687.76,0.00286919,1800.0,1900.0
1900000,1857.15,7630.24,10016.7,-2438.81,119.788,-2271.32,3639.83,11248.7,8002.24,-640.622,5068.73,106.109,0.00262604,1900.0,1900.0
2000000,1825.61,5652.66,10016.7,-2437.0,117.753,-2283.9,6132.16,4388.82,6437.0,2236.52,1667.54,628.961,0.0025547,2000.0,1900.0
2100000,1833.41,5036.01,10016.7,-2446.36,118.257,-2296.62,782.387,8365.04,5960.61,3234.41,1994.15,934.61,0.00259316,2100.0,1900.0
2200000,1888.96,8490.07,10016.7,-2433.27,121.839,-2258.35,9934.52,6343.63,9192.06,1710.36,1240.39,2045.51,0.00266336,2200.0,1900.0
2300000,2056.07,1545.65,10016.7,-2444.85,132.618,-2302.57,3624.66,1681.14,-668.848,1100.46,-2507.87,1054.6,0.00251274,2300.0,1900.0
2400000,1958.17,2247.62,10016.7,-2446.18,126.304,-2305.83,-3392.37,5948.18,4187.04,-267.337,1540.92,-5638.76,0.00254108,2400.0,1900.0
2500000,1840.64,5555.8,10016.7,-2437.38,118.723,-2283.92,3938.24,3333.99,9395.17,5100.26,360.084,-916.026,0.00251021,2500.0,1900.0
2600000,2089.93,6914.93,10016.7,-2439.01,134.802,-2260.98,12826.0,6374.79,1543.96,6309.02,893.298,-508.655,0.00239432,2600.0,1900.0
2700000,1953.81,8914.54,10016.7,-2433.68,126.022,-2251.92,5491.09,12760.9,8491.65,1758.97,-793.025,-2172.95,0.00232726,2700.0,1900.0
2800000,2011.48,9252.4,10016.7,-2436.24,129.742,-2248.65,10268.5,7532.64,9956.09,-3472.37,1660.77,2817.91,0.00247023,2800.0,1900.0
2900000,1866.31,5203.31,10016.7,-2441.03,120.378,-2288.12,6030.23,3726.58,5853.11,916.582,-963.539,-1569.37,0.00269401,2900.0,1900.0
3000000,2043.3,6875.14,10016.7,-2434.13,131.795,-2259.36,6296.87,438.754,13889.8,779.782,1654.52,399.938,0.00256731,3000.0,1900.0
3100000,1849.57,5666.02,10016.7,-2441.24,119.299,-2286.52,3850.15,3656.2,9491.7,-1004.67,434.884,-830.561,0.00248303,3100.0,1900.0
3200000,1976.24,4180.51,10016.7,-2443.65,127.469,-2290.05,6102.66,2142.62,4296.26,533.572,-737.035,546.357,0.00269532,3200.0,1900.0
3300000,1901.3,6748.31,10016.7,-2442.0,122.636,-2277.17,11185.0,3911.24,5148.72,-379.44,-2248.77,-501.105,0.00272398,3300.0,1900.0
3400000,1959.87,6581.9,10016.7,-2442.15,126.413,-2274.59,8528.68,3064.49,8152.55,-1754.42,899.198,-615.206,0.00263374,3400.0,1900.0
3500000,1812.77,3098.05,10016.7,-2444.77,116.925,-2308.48,5220.12,2843.88,1230.13,99.1903,-2925.38,2389.16,0.00275092,3500.0,1900.0
3600000,1946.93,6725.46,10016.7,-2438.72,125.579,-2271.1,6783.08,5376.57,8016.73,-586.273,-1561.82,-374.962,0.00271635,3600.0,1900.0
3700000,1996.09,6807.78,10016.7,-2439.58,128.749,-2268.27,7718.48,3778.34,8926.52,884.629,-2301.21,-1356.31,0.00281183,3700.0,1900.0
3800000,1810.26,2538.95,10016.7,-2437.18,116.763,-2304.55,4224.13,2442.65,950.059,1876.11,-3349.84,4435.79,0.00277274,3800.0,1900.0
3900000,1950.58,6961.07,10016.7,-2439.72,125.814,-2270.39,4083.46,7431.57,9368.18,1993.02,-2662.0,2357.88,0.00264945,3900.0,1900.0
4000000,2010.29,7909.73,10016.7,-2437.86,129.665,-2258.74,1657.46,7661.76,14410.0,1952.42,-1156.17,-1349.09,0.0027319,4000.0,1900.0
4100000,1794.66,2844.66,10016.7,-2447.45,115.757,-2313.9,-1079.16,6943.2,2669.94,1644.13,-2060.44,3650.46,0.00277464,4100.0,1900.0
4200000,1870.15,7850.62,10016.7,-2438.96,120.626,-2269.25,7238.76,3253.18,13059.9,49.0469,-287.864,-699.689,0.0027068,4200.0,1900.0
4300000,1921.4,5690.89,10016.7,-2434.16,123.932,-2274.65,6301.64,2471.58,8299.44,-534.557,1125.37,-1726.66,0.00280828,4300.0,1900.0
4400000,2037.2,4501.43,10016.7,-2444.59,131.401,-2285.05,6212.16,3924.5,3367.62,1286.16,-2107.72,1349.11,0.00262161,4400.0,1900.0
4500000,1911.35,6575.94,10016.7,-2437.62,123.284,-2273.23,9113.97,9244.55,1369.3,1661.28,1556.97,566.884,0.00269056,4500.0,1900.0
4600000,2018.58,5030.76,10016.7,-2444.98,130.2,-2283.33,6751.31,4661.7,3679.27,-3456.68,-3500.27,56.833,0.00259297,4600.0,1900.0
4700000,1834.01,1656.62,10016.7,-2444.91,118.295,-2316.25,3868.05,2778.65,-1676.85,3593.87,-1350.06,-241.042,0.00266209,4700.0,1900.0
4800000,1745.5,2217.02,10016.7,-2438.3,112.586,-2311.85,-2102.71,3265.99,5487.77,-1933.98,-1410.47,-80.9422,0.00259329,4800.0,1900.0
4900000,1874.78,3122.23,10016.7,-2442.43,120.925,-2301.98,1848.94,4163.33,3354.41,3730.27,800.825,-452.609,0.0025996,4900.0,1900.0
5000000,1938.37,5753.09,10016.7,-2442.24,125.026,-2281.24,6467.09,3070.28,7721.91,782.071,1633.91,3433.43,0.00260878,5000.0,1900.0
5100000,1963.06,10075.8,10016.7,-2436.29,126.619,-2246.68,13397.0,8742.03,8088.3,4027.03,269.971,1462.81,0.0025552,5100.0,1900.0
5200000,1913.22,4976.29,10016.7,-2441.88,123.404,-2287.37,5711.97,4262.28,4954.6,1777.33,-2938.85,-96.2978,0.00252272,5200.0,1900.0
5300000,2016.44,6898.49,10016.7,-2441.82,130.062,-2268.63,10195.7,7196.41,3303.38,-210.838,-67.6377,-2306.43,0.00250941,5300.0,1900.0
5400000,1961.82,6009.8,10016.7,-2433.1,126.539,-2268.99,7622.19,6941.37,3465.85,-5025.72,2967.43,805.389,0.00244888,5400.0,1900.0
5500000,1816.64,7459.76,10016.7,-2434.66,117.175,-2270.85,2840.9,8263.03,11275.3,878.712,-23.9996,3102.39,0.00244548,5500.0,1900.0
5600000,2024.25,5562.03,10016.7,-2437.99,130.566,-2272.65,-1494.4,9930.73,8249.77,1283.05,2281.58,-247.209,0.00234113,5600.0,1900.0
5700000,1854.76,5643.89,10016.7,-2434.87,119.633,-2279.95,8902.38,-124.554,8153.84,-1141.37,4312.6,2300.78,0.00232161,5700.0,1900.0
5800000,1830.6,4747.43,10016.7,-2441.57,118.075,-2293.82,1413.4,6252.93,6575.97,449.941,-3714.38,4281.34,0.0023251,5800.0,1900.0
5900000,1922.33,1900.07,10016.7,-2441.17,123.992,-2305.3,4585.97,-2926.56,4040.81,-400.04,-1042.76,2151.47,0.00246154,5900.0,1900.0
6000000,2025.5,6263.24,10016.7,-2437.03,130.646,-2267.23,7801.14,6582.22,4406.37,3533.01,2001.2,-1656.44,0.00239784,6000.0,1900.0
6100000,1956.05,8936.14,10016.7,-2439.34,126.167,-2257.31,9673.75,9263.18,7871.5,3230.64,892.387,-5143.96,0.00246874,6100.0,1900.0
6200000,1956.7,7144.62,10016.7,-2438.22,126.208,-2267.34,9044.04,4938.77,7451.03,2566.28,-2270.34,-1436.71,0.00243461,6200.0,1900.0
6300000,1889.33,5682.21,10016.7,-2436.26,121.863,-2278.88,9660.75,1918.98,5466.89,4179.03,3530.96,-2175.71,0.00242812,6300.0,1900.0
6400000,1970.57,2259.85,10016.7,-2447.66,127.104,-2306.43,-2586.1,16.7143,9348.95,-1529.84,-1868.19,813.607,0.00240876,6400.0,1900.0
6500000,1877.18,4701.5,10016.7,-2436.07,121.079,-2285.6,6333.07,2447.06,5324.38,178.698,-3109.7,1145.89,0.00240446,6500.0,1900.0
6600000,1901.14,10195.3,10016.7,-2432.42,122.625,-2246.05,3338.66,15189.2,12058.0,-2927.8,-711.842,-79.9711,0.00239941,6600.0,1900.0
6700000,1877.59,3330.14,10016.7,-2440.75,121.106,-2298.82,7000.08,5449.24,-2458.89,481.496,-1391.97,2855.59,0.00237999,6700.0,1900.0
6800000,1848.42,4010.7,10016.7,-2439.59,119.225,-2295.29,5970.43,9313.4,-3251.73,-1953.92,-3068.12,129.91,0.00236939,6800.0,1900.0
6900000,1864.29,3307.91,10016.7,-2445.24,120.248,-2304.31,-3539.7,6571.27,6892.15,773.457,-3033.36,3141.95,0.00234443,6900.0,1900.0
7000000,1965.22,3198.17,10016.7,-2442.13,126.758,-2295.38,544.857,8137.73,911.926,-86.4362,398.632,2987.74,0.0023528,7000.0,1900.0
7100000,1913.21,5584.42,10016.7,-2440.51,123.403,-2282.19,9464.29,6838.72,450.265,-1793.42,2377.54,573.111,0.00237054,7100.0,1900.0
7200000,2065.2,3552.8,10016.7,-2444.98,133.207,-2289.56,4314.1,7009.19,-664.885,3193.64,-1883.24,2687.09,0.00250911,7200.0,1900.0
7300000,1918.16,4568.38,10016.7,-2437.05,123.723,-2284.77,4526.67,8189.39,989.07,174.367,-2453.64,141.011,0.00256247,7300.0,1900.0
7400000,1785.72,4216.54,10016.7,-2438.62,115.18,-2297.08,8880.1,3304.32,465.204,-1922.57,-3617.3,2158.17,0.00260085,7400.0,1900.0
7500000,1930.27,5830.58,10016.7,-2441.15,124.504,-2280.2,12141.4,1114.55,4235.83,-4109.94,4111.81,-1778.95,0.00255507,7500.0,1900.0
7600000,1951.92,6248.43,10016.7,-2432.76,125.9,-2267.8,10005.6,2264.55,6475.14,-2514.33,2576.87,-2518.67,0.00256264,7600.0,1900.0
7700000,1934.03,6601.45,10016.7,-2431.97,124.747,-2265.95,9956.31,3324.0,6524.04,-2708.97,4482.76,2104.99,0.00252268,7700.0,1900.0
7800000,1899.23,5743.65,10016.7,-2443.35,122.502,-2284.94,7041.78,3706.25,6482.92,-844.023,-114.042,2048.7,0.00252165,7800.0,1900.0
7900000,1936.85,6838.3,10016.7,-2435.58,124.928,-2267.9,3972.09,10034.6,6508.24,2327.13,-1163.66,1730.75,0.00247802,7900.0,1900.0
8000000,1896.36,6575.12,10016.7,-2436.85,122.317,-2273.43,6251.03,9705.28,3769.05,3225.92,-992.695,-75.6737,0.00244634,8000.0,1900.0
8100000,1985.66,4346.83,10016.7,-2442.81,128.077,-2287.56,2982.52,3143.61,6914.35,-1790.18,1906.07,1026.08,0.00246509,8100.0,1900.0
8200000,1933.88,1222.43,10016.7,-2451.22,124.737,-2318.84,147.28,4275.83,-755.811,39.8863,3394.31,-566.579,0.00250125,8200.0,1900.0
8300000,1882.4,6329.51,10016.7,-2440.18,121.416,-2279.19,-1712.91,19398.1,1303.38,-412.888,392.083,4041.39,0.0024873,8300.0,1900.0
8400000,1992.39,7139.86,10016.7,-2439.78,128.511,-2266.64,9739.5,8219.41,3460.67,517.059,-262.566,-4391.6,0.00243158,8400.0,1900.0
8500000,1858.88,8530.67,10016.7,-2429.93,119.9,-2256.7,11642.1,7132.34,6817.57,-2205.56,2375.81,471.139,0.00246936,8500.0,1900.0
8600000,1947.73,5477.68,10016.7,-2437.49,125.63,-2277.61,3320.62,9348.84,3763.59,-1072.58,-0.220643,1460.32,0.00248104,8600.0,1900.0
8700000,1900.11,4674.0,10016.7,-2443.19,122.559,-2291.41,5444.09,7063.93,1513.99,1950.44,1651.27,-1152.43,0.00245695,8700.0,1900.0
8800000,1855.4,3496.36,10016.7,-2440.54,119.675,-2299.01,1438.63,7912.24,1138.2,938.748,1356.75,1789.56,0.0024554,8800.0,1900.0
8900000,1886.68,3052.76,10016.7,-2445.7,121.692,-2304.92,1288.83,4493.98,3375.47,2423.45,-2733.93,-1794.61,0.00249933,8900.0,1900.0
9000000,1951.41,6020.35,10016.7,-2437.02,125.867,-2273.51,7890.13,805.868,9365.05,298.824,1056.1,1389.89,0.00250122,9000.0,1900.0
9100000,1948.84,2301.74,10016.7,-2450.47,125.702,-2310.37,3765.66,3485.34,-345.794,2221.97,1739.78,-516.96,0.00247314,9100.0,1900.0
9200000,1974.74,3650.18,10016.7,-2439.77,127.372,-2289.57,-109.136,9378.28,1681.38,-5501.86,-2969.76,556.531,0.00244138,9200.0,1900.0
9300000,1901.07,6612.66,10016.7,-2437.57,122.621,-2273.61,1999.31,6736.95,11101.7,6117.21,438.994,-1174.55,0.00248701,9300.0,1900.0
9400000,1968.29,4721.55,10016.7,-2442.86,126.956,-2286.38,6531.94,2332.66,5300.06,1768.13,3311.43,834.023,0.00245833,9400.0,1900.0
9500000,1988.83,2621.17,10016.7,-2447.16,128.281,-2302.49,-1809.0,4720.79,4951.72,2170.44,-2798.35,361.344,0.00247182,9500.0,1900.0
9600000,1915.87,6087.14,10016.7,-2436.17,123.575,-2274.54,3924.28,6195.67,8141.48,1195.41,-885.092,1085.95,0.00246685,9600.0,1900.0
9700000,1831.77,896.141,10016.7,-2442.65,118.151,-2318.89,-4226.15,705.51,6209.07,-1398.0,-695.161,-2998.04,0.00243411,9700.0,1900.0
9800000,2027.39,6916.78,10016.7,-2435.76,130.768,-2261.75,10831.5,4190.31,5728.54,-2872.48,2947.73,-249.811,0.00242652,9800.0,1900.0
9900000,2061.51,11685.9,10016.7,-2435.87,132.969,-2229.84,10580.1,14788.7,9688.85,-3243.12,2321.98,490.876,0.00242921,9900.0,1900.0
10000000,1905.81,3381.12,10016.7,-2441.66,122.926,-2297.6,3290.34,4025.04,2827.99,-1401.69,-651.185,919.448,0.00246065,10000.0,1900.0
