TimeStep,temp,pressure,vol,pe,ke,enthalpy,pxx,pyy,pzz,pxy,pxz,pyz,visc,time,hold_temp
0,954.529,-5106.08,9162.21,-2399.37,61.5679,-2367.0,-6342.52,-7111.66,-1864.05,-1874.72,2522.45,-1137.32,0.00130055,0.0,950.0
100000,959.846,-4326.56,9162.21,-2402.75,61.9109,-2365.58,-5778.14,-1941.11,-5260.44,-1319.52,-720.279,-1838.62,0.177996,100.0,950.0
200000,928.458,-4286.14,9162.21,-2399.52,59.8863,-2364.15,-2455.57,-4429.23,-5973.62,2806.69,231.453,3981.57,0.0840303,200.0,950.0
300000,940.826,-4469.86,9162.21,-2399.21,60.684,-2364.08,-4503.26,-2560.71,-6345.61,741.491,-955.233,-977.5,0.044322,300.0,950.0
400000,922.006,-2563.86,9162.21,-2397.58,59.4701,-2352.77,-1783.37,106.419,-6014.63,302.534,-1463.45,-2239.26,0.0447866,400.0,950.0
500000,923.35,-3760.05,9162.21,-2399.79,59.5568,-2361.74,-8310.96,246.148,-3215.34,-921.82,685.938,528.021,0.0306046,500.0,950.0
600000,929.483,-4764.83,9162.21,-2401.41,59.9524,-2368.71,205.681,-8357.54,-6142.64,4857.64,-1753.38,2652.68,0.0324433,600.0,950.0
700000,890.677,-816.552,9162.21,-2393.16,57.4494,-2340.38,-3547.48,-3826.65,4924.47,-201.488,2414.21,-1400.77,0.026148,700.0,950.0
800000,960.241,-5328.45,9162.21,-2403.64,61.9363,-2372.18,-2727.74,-3704.79,-9552.83,-559.032,-348.761,-2089.35,0.0275036,800.0,950.0
900000,945.208,-3841.3,9162.21,-2402.84,60.9667,-2363.84,-3913.05,-1037.54,-6573.32,33.3557,1033.22,4287.47,0.0273481,900.0,950.0
1000000,920.617,-5096.54,9162.21,-2399.81,59.3805,-2369.57,-4447.52,-8530.65,-2311.43,509.521,-583.336,2002.26,0.0278836,1000.0,950.0
1100000,920.464,-6249.94,9162.21,-2403.84,59.3707,-2380.21,-3804.55,-4973.12,-9972.15,-1801.57,-2223.08,-1198.3,0.0253764,1100.0,950.0
1200000,957.231,-5295.85,9162.21,-2401.39,61.7422,-2369.93,-4037.5,-4509.34,-7340.72,-46.5995,2612.47,-194.875,0.0269763,1200.0,950.0
1300000,980.48,-4274.65,9162.21,-2404.18,63.2417,-2365.39,-1915.79,-5616.76,-5291.4,-3017.68,-196.898,-1305.29,0.0267905,1300.0,950.0
1400000,975.269,-3318.03,9162.21,-2401.55,62.9056,-2357.62,-2720.9,-7614.57,381.394,566.187,-719.821,1083.03,0.0256704,1400.0,950.0
1500000,943.661,-3026.81,9162.21,-2399.15,60.8669,-2355.59,-1716.7,-3539.28,-3824.44,-4510.56,-1497.25,3279.31,0.0248912,1500.0,950.0
1600000,973.142,-3184.06,9162.21,-2403.64,62.7684,-2359.08,-2710.65,-5085.96,-1755.57,2124.55,-2597.52,1341.51,0.0234444,1600.0,950.0
1700000,908.255,-8929.45,9162.21,-2403.59,58.5832,-2396.08,-8596.34,-9571.35,-8620.67,1858.15,3851.88,532.785,0.0247341,1700.0,950.0
1800000,935.02,-4586.02,9162.21,-2395.94,60.3095,-2361.85,-4887.54,-7453.57,-1416.94,3601.8,-4267.56,-879.319,0.0227824,1800.0,950.0
1900000,991.824,-3396.41,9162.21,-2398.6,63.9734,-2354.05,-1869.64,422.766,-8742.37,-159.457,-2957.83,2171.83,0.0240282,1900.0,950.0
2000000,921.525,-5269.27,9162.21,-2403.39,59.4391,-2374.08,-11156.3,-3496.27,-1155.2,-849.707,924.852,2417.73,0.0239799,2000.0,950.0
2100000,989.978,-5077.92,9162.21,-2405.09,63.8544,-2370.28,-13180.4,-678.041,-1375.3,452.617,-142.65,-1840.92,0.028649,2100.0,950.0
2200000,936.403,-2256.73,9162.21,-2397.55,60.3988,-2350.06,-3787.06,3193.04,-6176.18,-139.641,-1597.41,-2665.79,0.0249089,2200.0,950.0
2300000,945.936,-2143.31,9162.21,-2400.3,61.0137,-2351.55,-1479.46,-3222.46,-1728.02,-1179.63,-1135.05,-1680.87,0.0261913,2300.0,950.0
2400000,943.562,-3390.11,9162.21,-2398.39,60.8605,-2356.91,-1914.3,-6723.45,-1532.59,3593.74,1139.23,-145.51,0.0250828,2400.0,950.0
2500000,979.847,-5409.35,9162.21,-2402.73,63.2009,-2370.47,-2180.25,-4613.07,-9434.74,-465.652,-3621.78,999.305,0.0254582,2500.0,950.0
2600000,974.999,-3691.33,9162.21,-2399.74,62.8883,-2357.97,-1603.35,-4009.63,-5461.01,841.386,-3317.41,5165.9,0.0247789,2600.0,950.0
2700000,975.812,-4195.91,9162.21,-2400.64,62.9406,-2361.69,-2728.3,-2986.05,-6873.39,-3893.26,296.485,3903.48,0.024069,2700.0,950.0
2800000,975.631,-2457.15,9162.21,-2400.74,62.929,-2351.86,-2756.62,-895.667,-3719.17,-2754.38,1072.69,-2713.16,0.0234298,2800.0,950.0
2900000,998.317,-6812.18,9162.21,-2402.89,64.3923,-2377.45,-6774.75,-5567.4,-8094.4,-3201.22,-1407.64,439.307,0.0228454,2900.0,950.0
3000000,856.329,-3203.06,9162.21,-2397.18,55.2339,-2360.26,2047.37,-3603.77,-8052.8,2887.25,-2006.03,-1829.84,0.0251024,3000.0,950.0
3100000,947.06,-5216.79,9162.21,-2405.06,61.0862,-2373.81,-1803.74,-11473.9,-2372.77,-812.082,2072.13,-1920.46,0.0233552,3100.0,950.0
3200000,939.691,-6122.41,9162.21,-2404.77,60.6108,-2379.17,-7851.15,-5631.44,-4884.63,-352.837,1061.27,-4392.42,0.0228456,3200.0,950.0
3300000,977.961,-5036.27,9162.21,-2398.37,63.0793,-2364.09,-4735.48,-6588.48,-3784.87,4125.51,1232.17,629.555,0.0229404,3300.0,950.0
3400000,926.058,-3209.86,9162.21,-2398.08,59.7315,-2356.7,-6949.73,-2620.32,-59.5373,-145.568,945.081,-3343.15,0.0232461,3400.0,950.0
3500000,985.31,-5309.08,9162.21,-2401.8,63.5533,-2368.6,-4584.08,-3524.56,-7818.6,37.518,175.6,-670.888,0.0228742,3500.0,950.0
3600000,958.993,-3695.96,9162.21,-2401.25,61.8559,-2360.53,-1123.9,-9799.56,-164.41,1716.44,-1094.49,-2287.83,0.0252411,3600.0,950.0
3700000,1011.6,-2839.58,9162.21,-2402.09,65.2491,-2353.08,-4153.6,636.141,-5001.26,-477.353,3631.14,1723.72,0.0256762,3700.0,950.0
3800000,994.091,-2027.48,9162.21,-2395.07,64.1197,-2342.54,-800.423,-4576.31,-705.716,319.905,-259.894,4981.87,0.0248398,3800.0,950.0
3900000,930.036,-3245.23,9162.21,-2400.62,59.9881,-2359.19,-2012.81,-6938.78,-784.094,-690.4,-25.2466,2073.0,0.0257285,3900.0,950.0
4000000,1005.41,-192.597,9162.21,-2395.29,64.85,-2331.54,-3101.4,-799.599,3323.21,2566.95,-191.754,-255.466,0.0257841,4000.0,950.0
4100000,922.149,-4407.81,9162.21,-2401.66,59.4794,-2367.39,-7414.89,-3523.52,-2285.01,619.428,-3271.2,1705.14,0.0247923,4100.0,950.0
4200000,958.137,-2776.13,9162.21,-2401.3,61.8006,-2355.37,-1757.1,-2464.25,-4107.04,1432.42,-1189.35,-1810.06,0.0255281,4200.0,950.0
4300000,979.826,-1319.52,9162.21,-2399.42,63.1996,-2343.76,-2997.26,-1289.4,328.084,3372.5,1574.26,-558.203,0.026343,4300.0,950.0
4400000,912.19,-3802.79,9162.21,-2404.34,58.837,-2367.25,-4219.22,-4548.62,-2640.53,208.121,-1018.88,-741.921,0.0261524,4400.0,950.0
4500000,974.913,-7118.81,9162.21,-2405.13,62.8827,-2382.95,-6770.73,-6913.27,-7672.42,548.073,-1334.9,-1213.32,0.0265425,4500.0,950.0
4600000,948.162,-3260.85,9162.21,-2403.93,61.1572,-2361.42,-3360.81,-1176.27,-5245.46,842.395,2050.27,-5203.5,0.0263776,4600.0,950.0
4700000,952.303,-5036.84,9162.21,-2399.41,61.4243,-2366.79,-5959.41,-5145.82,-4005.28,2274.84,1287.91,3631.38,0.0270179,4700.0,950.0
4800000,986.715,-1714.56,9162.21,-2397.42,63.6439,-2343.58,-5134.32,1162.5,-1171.85,-1293.79,-1161.42,-34.8918,0.0267415,4800.0,950.0
4900000,980.647,-6750.51,9162.21,-2405.41,63.2526,-2380.76,-1458.86,-10423.6,-8369.02,-235.251,-3761.11,821.922,0.0269286,4900.0,950.0
5000000,899.825,-6102.9,9162.21,-2402.54,58.0394,-2379.4,-3646.18,-6438.39,-8224.14,788.349,-3525.37,-25.3063,0.0267019,5000.0,950.0
5100000,976.864,-4551.15,9162.21,-2400.02,63.0085,-2363.03,-5742.38,-4938.07,-2973.0,6050.93,-2563.47,-621.404,0.0263226,5100.0,950.0
5200000,915.499,-4723.14,9162.21,-2400.63,59.0504,-2368.59,-6154.74,-2766.43,-5248.25,-3024.87,-481.338,3036.99,0.0262071,5200.0,950.0
5300000,958.031,-4658.16,9162.21,-2402.94,61.7938,-2367.79,-1246.53,-8699.28,-4028.66,-1567.33,-1858.17,-394.163,0.0255051,5300.0,950.0
5400000,938.519,-3665.05,9162.21,-2399.59,60.5352,-2360.01,-2421.88,-1286.31,-7286.95,-2750.13,277.232,-1834.53,0.0254707,5400.0,950.0
5500000,961.199,-3543.45,9162.21,-2401.71,61.9981,-2359.98,-8864.14,864.226,-2630.43,-538.757,720.83,102.837,0.025891,5500.0,950.0
5600000,934.001,-3309.75,9162.21,-2401.37,60.2438,-2360.05,-6726.72,-1586.83,-1615.71,57.1732,938.046,2300.07,0.0254574,5600.0,950.0
5700000,968.936,-4747.65,9162.21,-2402.56,62.4972,-2367.21,-9810.43,519.973,-4952.51,4807.22,895.519,547.824,0.0250621,5700.0,950.0
5800000,969.277,-4225.7,9162.21,-2399.72,62.5192,-2361.36,-2864.48,-4429.26,-5383.36,-160.069,304.348,5718.07,0.0261591,5800.0,950.0
5900000,917.791,-1277.4,9162.21,-2397.66,59.1983,-2345.77,4849.0,-5484.0,-3197.21,1437.49,2756.86,103.548,0.026099,5900.0,950.0
6000000,946.419,-5868.18,9162.21,-2405.27,61.0448,-2377.78,-6691.42,-3341.8,-7571.31,3877.24,888.049,-665.045,0.0256892,6000.0,950.0
6100000,1019.21,-3386.05,9162.21,-2400.15,65.7398,-2353.77,-3043.46,-1057.14,-6057.55,-2973.8,4539.53,3106.2,0.0258267,6100.0,950.0
6200000,993.622,-2719.79,9162.21,-2399.54,64.0894,-2351.0,446.236,-3515.41,-5090.2,-5225.32,1717.12,-1499.05,0.0273568,6200.0,950.0
6300000,975.467,-3494.39,9162.21,-2401.61,62.9184,-2358.67,1157.36,-4935.91,-6704.63,-1.67821,-533.377,-68.0094,0.0275553,6300.0,950.0
6400000,927.606,-2418.76,9162.21,-2397.54,59.8314,-2351.54,1173.87,-3077.36,-5352.8,478.632,-2228.56,-2801.54,0.0276668,6400.0,950.0
6500000,989.716,-5926.48,9162.21,-2406.33,63.8375,-2376.38,-6812.64,-7280.83,-3685.97,-1468.92,0.465608,268.355,0.0284251,6500.0,950.0
6600000,963.13,-3523.88,9162.21,-2394.82,62.1227,-2352.85,-7137.42,-1340.81,-2093.42,2257.04,1890.38,735.179,0.0281554,6600.0,950.0
6700000,998.317,-3709.95,9162.21,-2401.52,64.3923,-2358.34,-3581.45,-4594.54,-2953.86,667.052,1024.71,427.582,0.0277581,6700.0,950.0
6800000,959.615,-2701.88,9162.21,-2395.54,61.896,-2349.1,-1430.21,-3634.54,-3040.88,1914.03,2506.12,2453.71,0.0284633,6800.0,950.0
6900000,1003.3,-872.529,9162.21,-2400.6,64.714,-2340.88,879.525,-180.993,-3316.12,-2147.38,2402.92,-1177.04,0.0288341,6900.0,950.0
7000000,976.436,-3007.04,9162.21,-2399.84,62.9809,-2354.06,2279.61,-2031.55,-9269.17,3279.01,1002.34,-1458.68,0.0290395,7000.0,950.0
7100000,1000.5,-4705.42,9162.21,-2401.07,64.5328,-2363.45,-738.297,-5052.21,-8325.75,1588.58,-2822.23,1793.72,0.0283513,7100.0,950.0
7200000,908.676,-3317.95,9162.21,-2397.56,58.6103,-2357.93,-5597.97,-3396.8,-959.094,2239.78,1477.08,-1938.39,0.0281314,7200.0,950.0
7300000,967.831,-8764.78,9162.21,-2407.48,62.4259,-2395.18,-13807.6,-6274.11,-6212.61,292.579,-8.94505,1065.92,0.0285109,7300.0,950.0
7400000,966.411,-2650.2,9162.21,-2401.38,62.3343,-2354.2,-2895.93,-3094.93,-1959.75,2529.66,-789.46,326.818,0.0280061,7400.0,950.0
7500000,963.461,-3246.31,9162.21,-2399.54,62.144,-2355.96,-8611.23,1514.03,-2641.73,164.447,530.649,-1262.15,0.0283111,7500.0,950.0
7600000,884.939,-4358.74,9162.21,-2400.26,57.0793,-2368.11,-1794.19,-10052.5,-1229.5,-372.928,-949.877,1430.73,0.0295491,7600.0,950.0
7700000,950.617,-4545.0,9162.21,-2401.56,61.3155,-2366.23,-6089.59,-4809.2,-2736.2,-5199.5,-585.941,502.666,0.0288549,7700.0,950.0
7800000,1019.24,-1862.16,9162.21,-2402.1,65.7415,-2347.0,4141.54,-7346.11,-2381.91,2608.71,-2010.28,-2696.65,0.0289997,7800.0,950.0
7900000,958.955,-4417.59,9162.21,-2398.86,61.8534,-2362.27,-5509.2,-3783.08,-3960.48,4804.09,-244.205,-1316.01,0.028491,7900.0,950.0
8000000,1012.51,-3630.9,9162.21,-2399.47,65.3079,-2354.92,-4841.96,-309.645,-5741.1,4986.72,887.177,5679.51,0.0284991,8000.0,950.0
8100000,964.987,-1314.3,9162.21,-2396.07,62.2424,-2341.35,-1990.35,870.811,-2823.34,1289.84,1235.11,652.123,0.0285399,8100.0,950.0
8200000,1007.42,-5667.02,9162.21,-2402.27,64.9796,-2369.69,-7649.35,-7654.87,-1696.84,-1525.9,986.181,260.341,0.0283996,8200.0,950.0
8300000,879.814,-4211.39,9162.21,-2400.24,56.7487,-2367.57,-941.286,-1456.17,-10236.7,5094.57,1502.79,-1156.34,0.0280194,8300.0,950.0
8400000,948.962,-6956.09,9162.21,-2406.32,61.2088,-2384.89,-7724.8,-6629.51,-6513.94,2151.07,1637.93,2073.01,0.0281457,8400.0,950.0
8500000,931.515,-4109.54,9162.21,-2398.72,60.0835,-2362.14,-8331.96,-2626.55,-1370.11,-3180.79,-1072.79,1687.43,0.0293493,8500.0,950.0
8600000,931.963,-3849.82,9162.21,-2398.9,60.1124,-2360.8,-7204.61,-3478.7,-866.149,473.181,272.773,1280.7,0.0306361,8600.0,950.0
8700000,913.664,-6795.87,9162.21,-2403.67,58.9321,-2383.6,-9189.3,-4224.22,-6974.09,-340.351,2529.6,-1734.64,0.0316113,8700.0,950.0
8800000,943.576,-5094.56,9162.21,-2399.56,60.8614,-2367.83,-9821.04,-3122.14,-2340.5,5007.61,2757.62,1893.51,0.0315132,8800.0,950.0
8900000,979.607,-2911.14,9162.21,-2397.09,63.1854,-2350.55,1176.97,-6132.91,-3777.49,3399.67,1381.64,351.265,0.0312814,8900.0,950.0
9000000,973.139,-4390.36,9162.21,-2400.26,62.7683,-2362.6,-6807.1,-605.719,-5758.25,-1904.41,58.1289,602.343,0.0309832,9000.0,950.0
9100000,983.218,-2183.71,9162.21,-2396.99,63.4183,-2346.06,-2214.43,-4894.62,557.909,-1502.05,689.278,-366.537,0.0308776,9100.0,950.0
9200000,961.714,-4310.58,9162.21,-2402.05,62.0313,-2364.67,-1601.83,-4045.9,-7284.02,2460.47,746.081,-549.311,0.0307351,9200.0,950.0
9300000,995.756,-623.206,9162.21,-2393.18,64.2271,-2332.51,2054.26,177.05,-4100.93,-1857.67,3746.58,-1053.89,0.0312848,9300.0,950.0
9400000,947.093,-6294.1,9162.21,-2401.29,61.0883,-2376.2,-1913.53,-10858.1,-6110.65,2174.29,-1724.81,806.813,0.0316797,9400.0,950.0
9500000,913.053,-3706.96,9162.21,-2403.0,58.8926,-2365.31,-2831.92,-3711.47,-4577.49,-1713.34,236.849,-1736.74,0.0316415,9500.0,950.0
9600000,967.581,-6228.8,9162.21,-2404.4,62.4097,-2377.61,1299.75,-5612.82,-14373.3,2246.97,871.333,-1041.19,0.0314015,9600.0,950.0
9700000,974.165,-3537.43,9162.21,-2398.32,62.8345,-2355.71,-1831.3,-6715.71,-2065.28,5897.12,2256.73,82.3061,0.0312741,9700.0,950.0
9800000,992.589,-5240.74,9162.21,-2400.8,64.0228,-2366.75,-8689.56,-6737.93,-294.717,917.945,148.335,-1040.82,0.0313904,9800.0,950.0
9900000,880.888,-1602.42,9162.21,-2399.15,56.818,-2351.49,-3640.23,-207.683,-959.342,-405.56,-2132.24,-4336.81,0.0312178,9900.0,950.0
10000000,938.963,-2171.01,9162.21,-2396.54,60.5639,-2348.39,-5633.19,-1746.03,866.185,-4029.46,-1649.33,1954.03,0.0318665,10000.0,950.0
