TimeStep,temp,pressure,vol,pe,ke,enthalpy,pxx,pyy,pzz,pxy,pxz,pyz,visc,time,hold_temp
0,845.518,517.562,9001.19,-2428.83,54.5366,-2371.39,5696.58,66.6777,-4210.57,-637.596,3336.36,-1577.51,0.00179305,0.0,850.0
100000,900.898,-120.74,9001.19,-2432.83,58.1086,-2375.4,-1809.36,3073.74,-1626.59,-844.853,-661.104,2282.74,0.475045,100.0,850.0
200000,841.341,-1813.18,9001.19,-2430.22,54.2672,-2386.14,-3708.2,3012.93,-4744.28,456.026,205.97,1311.43,0.327536,200.0,850.0
300000,898.471,-140.63,9001.19,-2430.63,57.9521,-2373.47,1293.01,1272.01,-2986.91,-627.951,-864.601,-643.071,0.388079,300.0,850.0
400000,848.592,-1914.24,9001.19,-2431.15,54.7348,-2387.17,-4035.12,818.986,-2526.59,722.796,583.852,-324.218,0.44126,400.0,850.0
500000,876.616,188.683,9001.19,-2429.82,56.5424,-2372.22,3297.08,-7497.24,4766.2,-2487.9,-149.405,-5265.83,0.456496,500.0,850.0
600000,844.829,-4333.58,9001.19,-2432.25,54.4921,-2402.11,-5132.12,-5823.74,-2044.87,2118.59,-2350.42,-1839.92,0.410189,600.0,850.0
700000,822.391,-1078.38,9001.19,-2432.6,53.0449,-2385.62,2078.91,-3083.96,-2230.1,4400.32,360.624,-1492.15,0.437553,700.0,850.0
800000,850.825,-342.603,9001.19,-2429.74,54.8789,-2376.78,33.0868,-1492.74,431.843,-2368.68,900.428,1520.55,0.442889,800.0,850.0
900000,868.058,893.504,9001.19,-2430.69,55.9905,-2369.68,539.47,66.3749,2074.67,-2199.82,-969.137,1172.91,0.40327,900.0,850.0
1000000,879.072,3016.64,9001.19,-2426.18,56.7009,-2352.53,4952.71,2941.73,1155.49,5944.32,-2567.52,-1321.92,0.455755,1000.0,850.0
1100000,836.654,-1493.92,9001.19,-2433.37,53.9649,-2387.8,-1875.36,-1335.12,-1271.27,-827.357,998.953,1626.73,0.540156,1100.0,850.0
1200000,847.701,127.139,9001.19,-2431.14,54.6774,-2375.75,768.67,-1573.49,1186.24,-2847.95,499.928,-935.15,0.505508,1200.0,850.0
1300000,866.471,542.032,9001.19,-2427.95,55.8881,-2369.01,942.695,3954.03,-3270.63,-2881.38,-2635.33,3225.3,0.472979,1300.0,850.0
1400000,781.899,-2233.43,9001.19,-2432.68,50.4331,-2394.79,609.56,-717.062,-6592.78,2067.46,-2813.04,-3422.11,0.449711,1400.0,850.0
1500000,875.734,57.0553,9001.19,-2431.32,56.4855,-2374.51,931.175,1883.61,-2643.62,-1611.92,-366.436,845.847,0.436079,1500.0,850.0
1600000,916.744,1997.64,9001.19,-2426.67,59.1307,-2356.32,-1038.59,2008.55,5022.96,-2637.65,1966.5,-845.765,0.40514,1600.0,850.0
1700000,915.468,-611.544,9001.19,-2431.5,59.0484,-2375.88,-364.868,-2321.54,851.776,2016.85,-1303.23,1240.25,0.396189,1700.0,850.0
1800000,867.785,1045.64,9001.19,-2430.12,55.9729,-2368.27,-475.704,4026.64,-414.02,-4173.46,-2422.69,749.436,0.440866,1800.0,850.0
1900000,828.992,288.59,9001.19,-2432.27,53.4706,-2377.18,-902.168,3565.23,-1797.29,-3373.04,1960.41,4446.58,0.412159,1900.0,850.0
2000000,853.979,-1138.44,9001.19,-2434.93,55.0823,-2386.24,-2908.75,2457.39,-2963.96,-1356.19,1759.06,265.898,0.449733,2000.0,850.0
2100000,904.498,-1549.97,9001.19,-2435.92,58.3409,-2386.29,736.876,-2833.87,-2552.93,-2417.92,-88.911,-2115.14,0.440124,2100.0,850.0
2200000,916.321,1427.51,9001.19,-2429.52,59.1035,-2362.4,1815.78,1432.71,1034.05,145.011,103.432,1011.77,0.443621,2200.0,850.0
2300000,842.001,2067.19,9001.19,-2430.92,54.3098,-2365.0,987.134,2481.81,2732.63,-22.3843,193.508,3383.45,0.445768,2300.0,850.0
2400000,857.084,-106.381,9001.19,-2434.53,55.2826,-2379.85,-3007.99,3913.33,-1224.48,2006.64,-1481.03,4510.55,0.45927,2400.0,850.0
2500000,800.212,1519.5,9001.19,-2430.87,51.6143,-2370.72,3765.38,-2313.53,3106.65,-1449.3,-1114.42,-730.947,0.510338,2500.0,850.0
2600000,811.319,-970.003,9001.19,-2431.52,52.3307,-2384.64,-271.787,-128.938,-2509.28,1188.9,2269.52,1913.73,0.505828,2600.0,850.0
2700000,845.24,1186.63,9001.19,-2431.72,54.5186,-2370.53,1156.48,-496.167,2899.57,-5683.47,-3024.81,-2469.57,0.488258,2700.0,850.0
2800000,858.283,-262.259,9001.19,-2433.58,55.36,-2379.69,2479.15,168.063,-3433.99,764.474,1755.57,-2296.79,0.492667,2800.0,850.0
2900000,814.122,-1090.14,9001.19,-2434.62,52.5115,-2388.24,-494.766,2457.91,-5233.58,-1967.2,-991.818,-29.6808,0.497174,2900.0,850.0
3000000,825.877,-911.197,9001.19,-2431.9,53.2697,-2383.75,-2315.43,238.499,-656.657,-958.254,1327.71,1346.33,0.488824,3000.0,850.0
3100000,782.207,-2031.91,9001.19,-2433.81,50.453,-2394.77,-1404.87,-3327.4,-1363.45,-3328.83,-964.456,-404.924,0.493794,3100.0,850.0
3200000,869.709,332.308,9001.19,-2431.8,56.097,-2373.84,15.5622,-1967.87,2949.24,-520.715,-1727.98,1301.58,0.529063,3200.0,850.0
3300000,876.948,816.895,9001.19,-2431.48,56.5638,-2370.33,2650.23,-1089.6,890.056,-199.549,-1039.48,-3485.2,0.532673,3300.0,850.0
3400000,880.198,-1361.17,9001.19,-2433.76,56.7735,-2384.63,-4095.22,3869.83,-3858.13,-524.442,-88.1995,1624.85,0.522382,3400.0,850.0
3500000,842.154,-2112.73,9001.19,-2437.54,54.3196,-2395.09,-5542.26,-3993.83,3197.9,1715.58,1697.56,-771.833,0.511962,3500.0,850.0
3600000,816.832,-3159.53,9001.19,-2436.78,52.6864,-2401.84,-5391.99,-913.948,-3172.66,4407.98,-222.237,-2960.43,0.499299,3600.0,850.0
3700000,857.903,-1003.95,9001.19,-2431.29,55.3354,-2381.59,-1116.18,-1435.05,-460.625,-1484.13,2451.12,-124.633,0.486578,3700.0,850.0
3800000,842.773,-3688.55,9001.19,-2434.39,54.3595,-2400.75,703.767,-7953.05,-3816.38,2529.27,980.686,1971.49,0.488384,3800.0,850.0
3900000,871.929,-329.778,9001.19,-2430.18,56.2401,-2375.8,-182.724,1399.71,-2206.32,-1451.66,5523.66,1805.17,0.4954,3900.0,850.0
4000000,825.316,877.107,9001.19,-2430.48,53.2336,-2372.32,2315.92,844.646,-529.243,-324.048,3889.37,3925.04,0.49521,4000.0,850.0
4100000,858.12,-580.81,9001.19,-2431.38,55.3494,-2379.29,-607.643,1840.63,-2975.42,-3871.27,5531.47,1677.71,0.503825,4100.0,850.0
4200000,845.896,1146.8,9001.19,-2429.38,54.561,-2368.38,2589.69,-1926.15,2776.85,2140.46,-1480.65,-123.925,0.514808,4200.0,850.0
4300000,852.86,779.855,9001.19,-2430.31,55.0102,-2370.91,7010.26,-3062.11,-1608.59,-4398.84,-3992.85,1283.92,0.520409,4300.0,850.0
4400000,859.565,2937.54,9001.19,-2426.05,55.4426,-2354.11,3116.74,1745.98,3949.92,-412.818,-2641.55,379.071,0.543355,4400.0,850.0
4500000,834.795,2050.66,9001.19,-2430.48,53.8449,-2365.12,4619.07,-1756.26,3289.16,2783.44,757.786,822.303,0.53385,4500.0,850.0
4600000,856.773,-105.484,9001.19,-2429.0,55.2626,-2374.33,-3724.2,1916.36,1491.38,-1568.82,4857.37,-537.03,0.524985,4600.0,850.0
4700000,862.432,2505.94,9001.19,-2427.73,55.6276,-2358.02,20.0476,4814.09,2683.69,2783.25,7324.45,2873.6,0.546554,4700.0,850.0
4800000,901.665,495.275,9001.19,-2430.68,58.1581,-2369.74,4123.6,-547.925,-2089.85,-1557.61,-2339.34,-3358.37,0.542865,4800.0,850.0
4900000,873.492,7.82016,9001.19,-2428.21,56.3409,-2371.83,-1863.54,-1127.54,3014.54,2032.69,1042.67,972.885,0.535767,4900.0,850.0
5000000,852.763,12.8871,9001.19,-2430.91,55.0039,-2375.83,223.56,-2490.06,2305.16,407.252,-2045.88,-504.391,0.5334,5000.0,850.0
5100000,849.093,328.72,9001.19,-2431.11,54.7672,-2374.49,3050.96,151.244,-2216.04,-1871.98,-1335.12,1105.17,0.525889,5100.0,850.0
5200000,875.138,-3325.08,9001.19,-2433.41,56.4471,-2395.65,-2025.15,-2080.81,-5869.27,-2956.81,-667.199,1865.62,0.520475,5200.0,850.0
5300000,865.951,510.647,9001.19,-2430.11,55.8545,-2371.39,2424.57,-1463.46,570.829,2819.98,1614.59,-1492.49,0.517352,5300.0,850.0
5400000,831.286,-1609.69,9001.19,-2434.82,53.6186,-2390.24,2216.11,-492.939,-6552.24,-372.199,1706.3,1624.42,0.508695,5400.0,850.0
5500000,813.017,-1577.83,9001.19,-2430.8,52.4403,-2387.22,-1301.69,1095.73,-4527.53,-796.793,-664.196,-843.021,0.506557,5500.0,850.0
5600000,863.863,2540.94,9001.19,-2425.85,55.7199,-2355.85,1515.89,1234.25,4872.69,2053.26,2441.62,399.55,0.508614,5600.0,850.0
5700000,857.618,-1914.53,9001.19,-2430.23,55.3171,-2385.66,300.517,1676.72,-7720.83,4825.0,752.538,618.826,0.519369,5700.0,850.0
5800000,886.394,540.069,9001.19,-2429.29,57.1731,-2369.09,1484.53,-2059.36,2195.04,352.634,1866.74,-1853.0,0.532584,5800.0,850.0
5900000,912.474,-646.284,9001.19,-2429.57,58.8553,-2374.35,-3184.46,2644.65,-1399.04,-1647.43,-1728.17,2200.09,0.537491,5900.0,850.0
6000000,858.962,-1583.46,9001.19,-2431.32,55.4037,-2384.82,-4030.65,-938.951,219.216,-773.811,592.624,1146.17,0.537356,6000.0,850.0
6100000,899.725,-993.247,9001.19,-2431.11,58.033,-2378.66,1612.12,-4480.22,-111.647,-204.951,-1811.07,518.85,0.533789,6100.0,850.0
6200000,848.162,-683.183,9001.19,-2430.84,54.7071,-2379.97,1599.72,-934.663,-2714.61,-2463.56,-862.492,-756.97,0.52806,6200.0,850.0
6300000,872.659,713.147,9001.19,-2431.26,56.2872,-2370.97,2704.95,-186.893,-378.618,2156.86,-1188.91,4006.31,0.526133,6300.0,850.0
6400000,802.796,609.355,9001.19,-2431.99,51.781,-2376.78,-2119.59,2148.83,1798.83,-2221.18,-1345.52,-2073.8,0.524703,6400.0,850.0
6500000,857.227,-1131.88,9001.19,-2430.99,55.2919,-2382.06,4143.19,-2543.09,-4995.76,-3391.18,3058.01,-744.472,0.518485,6500.0,850.0
6600000,880.477,-2258.92,9001.19,-2433.58,56.7915,-2389.48,1739.52,-4366.14,-4150.14,1993.58,-4064.56,-860.921,0.512382,6600.0,850.0
6700000,813.229,-1680.59,9001.19,-2432.53,52.4539,-2389.52,-2147.05,-3378.84,484.117,1903.37,-408.607,-2133.49,0.51123,6700.0,850.0
6800000,827.954,-767.854,9001.19,-2432.06,53.4037,-2382.97,-106.281,2068.63,-4265.91,-560.436,1831.36,-1275.09,0.509729,6800.0,850.0
6900000,883.91,2499.5,9001.19,-2431.04,57.0129,-2359.99,3018.54,2742.09,1737.88,4458.12,-2241.54,-1189.66,0.513187,6900.0,850.0
7000000,863.559,-358.442,9001.19,-2432.86,55.7003,-2379.18,-4394.63,-714.496,4033.8,1224.92,-857.48,-1.1775,0.529544,7000.0,850.0
7100000,858.983,957.372,9001.19,-2429.17,55.4051,-2368.38,-2020.2,-121.581,5013.89,2024.28,2531.15,-1937.38,0.54441,7100.0,850.0
7200000,848.655,-1017.92,9001.19,-2431.42,54.739,-2382.4,-5513.71,1652.42,807.526,512.958,1115.82,620.692,0.545851,7200.0,850.0
7300000,836.389,565.293,9001.19,-2432.81,53.9478,-2375.69,-647.161,4128.79,-1785.75,1289.7,1423.37,-907.026,0.549867,7300.0,850.0
7400000,898.521,-827.502,9001.19,-2437.66,57.9553,-2384.35,585.628,-139.169,-2928.96,3241.78,-3551.89,99.1663,0.545596,7400.0,850.0
7500000,794.895,-2131.19,9001.19,-2434.22,51.2713,-2394.92,-1076.49,36.1131,-5353.18,352.999,-1681.06,263.824,0.539509,7500.0,850.0
7600000,926.937,2424.71,9001.19,-2430.57,59.7882,-2357.16,6843.49,3131.43,-2700.78,-1197.08,1960.06,-1197.37,0.53304,7600.0,850.0
7700000,880.026,-1940.64,9001.19,-2436.31,56.7624,-2390.45,-662.082,364.052,-5523.9,2882.73,-813.815,-838.479,0.526933,7700.0,850.0
7800000,867.927,-27.0981,9001.19,-2436.53,55.982,-2380.7,1723.98,-1093.69,-711.578,-476.348,-3636.84,1500.51,0.526403,7800.0,850.0
7900000,836.136,-1705.8,9001.19,-2437.82,53.9315,-2393.47,1444.66,-2705.33,-3856.73,-333.46,-1945.92,2088.91,0.520642,7900.0,850.0
8000000,842.47,-312.794,9001.19,-2433.99,54.34,-2381.41,-784.843,-1573.61,1420.08,-1420.0,1550.08,361.519,0.519835,8000.0,850.0
8100000,860.464,-1006.05,9001.19,-2434.24,55.5006,-2384.4,4566.09,-6336.57,-1247.68,4245.76,1500.42,-1039.28,0.514412,8100.0,850.0
8200000,789.128,-2861.75,9001.19,-2435.22,50.8994,-2400.4,933.704,-6607.99,-2910.95,35.0472,-818.054,-237.842,0.511567,8200.0,850.0
8300000,893.481,-341.861,9001.19,-2433.85,57.6302,-2378.14,-1855.67,713.194,116.896,979.129,-3338.59,2067.52,0.508682,8300.0,850.0
8400000,864.69,-3551.35,9001.19,-2437.55,55.7732,-2401.73,-2619.77,-3235.81,-4798.47,-401.817,-3971.95,-1826.18,0.507437,8400.0,850.0
8500000,862.198,-4987.07,9001.19,-2438.15,55.6125,-2410.56,-6002.64,-4395.61,-4562.95,-708.866,-1672.77,-624.256,0.52472,8500.0,850.0
8600000,861.408,-1605.64,9001.19,-2433.86,55.5615,-2387.32,-5499.97,-3721.69,4404.73,-3323.99,-279.476,-565.811,0.546659,8600.0,850.0
8700000,834.104,-1755.33,9001.19,-2432.98,53.8004,-2389.04,-6203.77,530.77,406.998,-18.1098,-1787.62,-1387.58,0.558701,8700.0,850.0
8800000,892.036,263.933,9001.19,-2432.1,57.537,-2373.08,-3180.28,-185.999,4158.08,-1379.22,-691.447,-2622.85,0.561732,8800.0,850.0
8900000,871.889,-4406.04,9001.19,-2439.02,56.2376,-2407.53,-5536.39,-3735.68,-3946.06,-623.782,1325.68,291.578,0.560568,8900.0,850.0
9000000,866.844,1900.51,9001.19,-2429.66,55.9122,-2363.07,2743.32,2352.97,605.237,-432.544,-1938.56,-1696.15,0.55676,9000.0,850.0
9100000,855.188,-2006.43,9001.19,-2436.53,55.1603,-2392.64,704.884,-2738.76,-3985.42,-29.1623,-4635.75,-3018.45,0.56997,9100.0,850.0
9200000,826.986,-2421.0,9001.19,-2434.87,53.3413,-2395.13,-1177.3,-5805.24,-280.478,-1668.38,-1904.87,-557.206,0.576963,9200.0,850.0
9300000,839.964,-434.025,9001.19,-2430.23,54.1784,-2378.49,-1735.42,-865.417,1298.76,291.513,4817.71,-985.436,0.58046,9300.0,850.0
9400000,820.645,-2345.85,9001.19,-2435.05,52.9322,-2395.3,-5151.64,-5711.81,3825.88,310.07,2629.09,171.451,0.586128,9400.0,850.0
9500000,865.604,-518.05,9001.19,-2433.35,55.8322,-2380.43,-6294.15,5152.72,-412.722,1533.9,2860.43,-1487.69,0.591819,9500.0,850.0
9600000,886.621,-521.721,9001.19,-2433.94,57.1878,-2379.69,-955.051,2925.63,-3535.74,1254.36,-146.015,2244.85,0.598839,9600.0,850.0
9700000,870.711,-1645.51,9001.19,-2431.37,56.1616,-2384.46,-691.393,-1735.93,-2509.21,2806.23,-4164.68,-148.154,0.600374,9700.0,850.0
9800000,892.13,-1255.47,9001.19,-2434.51,57.5431,-2384.02,1419.54,-4101.0,-1084.93,-1528.11,3495.71,1238.68,0.602124,9800.0,850.0
9900000,808.809,-1356.54,9001.19,-2434.8,52.1688,-2390.25,1205.06,-2471.04,-2803.63,-2182.9,841.151,-575.183,0.607866,9900.0,850.0
10000000,822.407,-2154.37,9001.19,-2434.79,53.0459,-2393.85,526.271,242.98,-7232.35,2933.86,1013.75,-2616.37,0.614954,10000.0,850.0
