TimeStep,temp,pressure,vol,pe,ke,enthalpy,pxx,pyy,pzz,pxy,pxz,pyz,visc,time,hold_temp
0,617.292,-9234.73,5681.03,-2244.28,39.8158,-2237.21,-8969.25,-4927.06,-13807.9,923.955,2432.44,647.852,0.000821826,0.0,600.0
100000,607.944,-2676.29,5681.03,-2239.67,39.2129,-2209.95,-1449.57,-1807.85,-4771.46,-6884.89,-1405.54,-1307.16,0.191342,100.0,600.0
200000,589.943,-2586.51,5681.03,-2241.14,38.0518,-2212.26,266.811,-4419.74,-3606.6,-1667.03,275.792,391.117,0.195538,200.0,600.0
300000,579.131,-7085.1,5681.03,-2244.19,37.3544,-2231.96,-5576.59,-7927.67,-7751.03,-3313.62,888.866,-2194.69,0.332921,300.0,600.0
400000,602.622,-7559.38,5681.03,-2244.32,38.8696,-2232.26,-6276.16,-6646.53,-9755.45,3580.19,5224.42,-1197.75,0.454416,400.0,600.0
500000,589.059,-7325.95,5681.03,-2244.42,37.9948,-2232.4,-2843.29,-7358.92,-11775.6,1605.03,-4299.09,3394.53,0.565925,500.0,600.0
600000,602.016,-3497.5,5681.03,-2241.26,38.8306,-2214.83,210.546,-5478.46,-5224.59,-2670.88,-3893.47,2757.17,0.514302,600.0,600.0
700000,588.658,-2884.45,5681.03,-2240.98,37.9689,-2213.24,-4379.91,468.464,-4741.91,5490.69,2189.85,-4841.8,0.505124,700.0,600.0
800000,611.432,33.5446,5681.03,-2240.42,39.4378,-2200.87,3980.01,-4390.55,511.177,-4482.19,2622.56,5963.66,0.475544,800.0,600.0
900000,649.771,-824.554,5681.03,-2240.83,41.9108,-2201.85,-4290.38,1037.29,779.425,3417.3,2336.85,-1589.81,0.435699,900.0,600.0
1000000,616.928,-1455.79,5681.03,-2240.36,39.7923,-2205.73,5649.73,-2511.13,-7505.97,-676.8,-1901.25,-260.515,0.405987,1000.0,600.0
1100000,581.786,-6416.72,5681.03,-2241.58,37.5256,-2226.81,-5894.51,-6415.25,-6940.4,-4135.75,-2020.17,532.229,0.386115,1100.0,600.0
1200000,591.636,-7851.15,5681.03,-2244.42,38.161,-2234.1,-6975.06,-4059.6,-12518.8,299.276,5225.49,-4931.69,0.365941,1200.0,600.0
1300000,561.56,-3103.96,5681.03,-2241.6,36.2211,-2216.38,-4098.12,-6305.11,1091.37,-2990.11,3532.62,-3248.38,0.325977,1300.0,600.0
1400000,562.194,-6383.45,5681.03,-2243.68,36.262,-2230.06,-2198.61,-2804.22,-14147.5,-779.763,2096.97,-1308.67,0.309523,1400.0,600.0
1500000,631.987,-5588.75,5681.03,-2241.98,40.7637,-2221.03,-5427.57,-10187.2,-1151.48,3998.35,6810.58,3246.66,0.328993,1500.0,600.0
1600000,569.59,-10691.5,5681.03,-2247.05,36.739,-2248.22,-15721.9,-1361.49,-14991.0,-538.755,-403.232,-861.139,0.493712,1600.0,600.0
1700000,579.716,-8465.35,5681.03,-2244.34,37.3921,-2236.96,-6636.28,-4998.86,-13760.9,-1825.29,3744.88,-3208.91,0.639474,1700.0,600.0
1800000,578.888,-4533.54,5681.03,-2244.68,37.3388,-2223.42,-5583.66,-5092.47,-2924.5,-179.626,3765.03,-430.724,0.719276,1800.0,600.0
1900000,623.637,-7059.74,5681.03,-2244.58,40.2251,-2229.38,-7096.4,-4654.49,-9428.32,-3179.34,-160.279,916.281,0.731915,1900.0,600.0
2000000,602.581,-5931.11,5681.03,-2244.58,38.867,-2226.75,-6859.39,-2755.07,-8178.86,1920.76,-617.053,-427.503,0.808848,2000.0,600.0
2100000,564.758,-10103.5,5681.03,-2246.05,36.4274,-2245.44,-6488.08,-9417.52,-14404.9,2093.48,5022.06,-1031.63,0.889384,2100.0,600.0
2200000,620.493,-7051.05,5681.03,-2243.32,40.0223,-2228.29,-7229.29,-3796.11,-10127.7,2676.68,290.849,-2598.14,0.901133,2200.0,600.0
2300000,583.369,-8193.3,5681.03,-2243.85,37.6278,-2235.27,-11109.7,-2603.01,-10867.2,75.9362,657.47,2583.0,0.892941,2300.0,600.0
2400000,624.689,-6179.01,5681.03,-2243.49,40.2929,-2225.11,-4312.03,-3183.61,-11041.4,3469.04,3984.99,1818.6,0.874031,2400.0,600.0
2500000,616.144,-4841.64,5681.03,-2242.1,39.7418,-2219.53,-7884.14,-1679.26,-4961.54,-1932.52,3810.57,-4077.97,0.889439,2500.0,600.0
2600000,614.812,-4649.31,5681.03,-2242.54,39.6559,-2219.37,-7521.76,-3690.72,-2735.45,1079.97,-1833.41,545.154,0.913799,2600.0,600.0
2700000,604.191,-7801.59,5681.03,-2243.6,38.9708,-2232.29,-4603.95,-10284.7,-8516.16,-936.143,181.546,-1389.17,0.8957,2700.0,600.0
2800000,586.884,-9952.52,5681.03,-2245.01,37.8545,-2242.45,-12712.6,-9005.4,-8139.55,620.625,-529.587,-3216.26,0.866869,2800.0,600.0
2900000,565.115,-7450.72,5681.03,-2243.11,36.4504,-2233.07,-8977.79,-8096.1,-5278.27,-3013.62,2649.71,-85.806,0.875087,2900.0,600.0
3000000,623.965,-8627.07,5681.03,-2242.88,40.2462,-2233.23,-13959.1,-3682.77,-8239.38,6137.64,198.523,-5022.42,0.87011,3000.0,600.0
3100000,610.566,-4308.37,5681.03,-2241.12,39.382,-2217.02,-10022.8,-4199.29,1297.02,3000.25,2980.56,-3441.21,0.868548,3100.0,600.0
3200000,579.193,-4795.22,5681.03,-2241.16,37.3584,-2220.81,-6850.44,-5382.27,-2152.94,-534.372,-1286.02,-261.266,0.85238,3200.0,600.0
3300000,595.975,-7019.2,5681.03,-2245.82,38.4409,-2232.27,-10935.1,-3976.3,-6146.14,1810.03,2542.14,2166.11,0.833438,3300.0,600.0
3400000,551.98,-5780.51,5681.03,-2242.91,35.6032,-2227.81,-6413.14,-6242.12,-4686.27,-413.25,-1114.21,-3357.59,0.814765,3400.0,600.0
3500000,597.726,-7173.14,5681.03,-2241.94,38.5538,-2228.82,-8964.79,-9592.6,-2962.04,5311.02,1807.87,-2450.04,0.799095,3500.0,600.0
3600000,586.159,-3523.79,5681.03,-2241.2,37.8077,-2215.88,-662.497,-1798.5,-8110.36,-474.502,5253.13,-4427.67,0.785273,3600.0,600.0
3700000,570.006,-4370.66,5681.03,-2243.08,36.7659,-2221.81,-8615.14,-4955.47,458.625,-1270.23,2129.68,41.4661,0.782621,3700.0,600.0
3800000,605.052,-10034.2,5681.03,-2245.4,39.0264,-2241.95,-9044.95,-9547.58,-11510.1,1321.67,4388.18,-1879.8,0.78025,3800.0,600.0
3900000,608.794,-8927.01,5681.03,-2245.21,39.2677,-2237.6,-10387.6,-7101.41,-9292.04,344.02,842.304,-4263.75,0.801226,3900.0,600.0
4000000,605.887,-2782.21,5681.03,-2242.96,39.0802,-2213.74,164.737,-5354.7,-3156.66,-1289.81,640.101,-4246.36,0.812853,4000.0,600.0
4100000,621.34,-4141.52,5681.03,-2242.41,40.0769,-2217.01,-564.703,-9084.27,-2775.59,1002.94,-369.03,945.781,0.812523,4100.0,600.0
4200000,556.714,-5973.53,5681.03,-2244.71,35.9085,-2229.99,-6415.37,-6317.22,-5188.01,-1325.16,1795.98,-692.949,0.808578,4200.0,600.0
4300000,591.549,-3935.62,5681.03,-2242.32,38.1554,-2218.12,-5577.95,-4720.11,-1508.79,3089.0,2551.76,1873.6,0.803585,4300.0,600.0
4400000,624.271,-3841.86,5681.03,-2246.52,40.266,-2219.87,-6458.69,1193.93,-6260.82,583.024,-4375.2,440.847,0.792633,4400.0,600.0
4500000,610.91,-5202.93,5681.03,-2242.11,39.4042,-2221.15,-6962.08,-4348.24,-4298.47,-1473.44,1968.26,1879.31,0.783686,4500.0,600.0
4600000,590.583,-8420.36,5681.03,-2243.48,38.0931,-2235.24,-8379.56,-8199.13,-8682.41,594.326,2674.49,-5656.48,0.795571,4600.0,600.0
4700000,601.908,-324.148,5681.03,-2241.64,38.8236,-2203.96,2557.69,-47.0106,-3483.13,110.301,-3326.03,-4156.77,0.814396,4700.0,600.0
4800000,559.568,-10760.5,5681.03,-2246.52,36.0926,-2248.58,-10496.1,-10934.0,-10851.4,1077.41,2278.08,2267.0,0.817917,4800.0,600.0
4900000,609.971,-3026.13,5681.03,-2242.68,39.3436,-2214.07,-4384.58,-4749.59,55.7703,-30.641,1402.67,161.609,0.799066,4900.0,600.0
5000000,604.842,-5860.31,5681.03,-2240.61,39.0128,-2222.38,-9108.96,-1365.87,-7106.11,491.327,4742.32,586.329,0.783452,5000.0,600.0
5100000,567.98,-5789.7,5681.03,-2242.57,36.6352,-2226.46,-1896.85,-6970.44,-8501.82,867.571,4599.0,-86.6843,0.778839,5100.0,600.0
5200000,605.371,-4617.44,5681.03,-2242.88,39.0469,-2220.21,-2229.12,-3117.46,-8505.74,-5692.53,-1192.41,-4557.8,0.777183,5200.0,600.0
5300000,580.211,-3893.49,5681.03,-2242.48,37.4241,-2218.86,75.008,-10561.5,-1193.96,1129.69,-3761.41,669.521,0.774075,5300.0,600.0
5400000,599.38,-1981.0,5681.03,-2242.75,38.6605,-2211.11,-5538.47,439.097,-843.626,346.264,2907.25,-4461.21,0.76961,5400.0,600.0
5500000,626.653,-7076.24,5681.03,-2245.58,40.4196,-2230.25,-9267.33,-8948.56,-3012.84,-1927.36,-4143.29,-4609.73,0.766259,5500.0,600.0
5600000,618.112,-2330.21,5681.03,-2242.44,39.8687,-2210.84,-1566.33,-5458.97,34.6666,1241.11,1170.31,-1638.54,0.75636,5600.0,600.0
5700000,610.6,-7707.03,5681.03,-2242.64,39.3842,-2230.58,-3991.02,-11020.4,-8109.65,-3116.41,-2272.8,-3483.71,0.744366,5700.0,600.0
5800000,609.464,2857.65,5681.03,-2239.74,39.3109,-2190.3,616.021,5951.64,2005.28,985.502,793.088,1123.87,0.740013,5800.0,600.0
5900000,558.878,-6757.8,5681.03,-2244.22,36.0481,-2232.14,-2553.23,-11108.0,-6612.18,1315.05,1038.97,-4487.74,0.73035,5900.0,600.0
6000000,572.986,-8153.23,5681.03,-2246.87,36.958,-2238.82,-10159.0,-2474.54,-11826.1,3905.63,3551.85,-858.467,0.733178,6000.0,600.0
6100000,585.218,-9202.14,5681.03,-2246.97,37.747,-2241.86,-10880.2,-6133.06,-10593.1,1038.15,117.594,-1048.28,0.744037,6100.0,600.0
6200000,632.895,-5637.85,5681.03,-2243.63,40.8222,-2222.8,-6786.39,-6574.03,-3553.13,417.215,-5227.81,3059.06,0.750422,6200.0,600.0
6300000,634.231,-2830.54,5681.03,-2242.94,40.9084,-2212.07,-2981.76,-3777.33,-1732.54,369.142,-3134.53,-1789.46,0.741623,6300.0,600.0
6400000,612.24,-1906.15,5681.03,-2241.03,39.49,-2208.3,-707.067,1990.77,-7002.17,1000.38,2541.85,1149.38,0.756027,6400.0,600.0
6500000,637.805,-4364.02,5681.03,-2242.44,41.139,-2216.77,-796.322,-6499.19,-5796.55,-2141.01,-2027.3,893.035,0.746279,6500.0,600.0
6600000,612.405,-2164.94,5681.03,-2240.67,39.5006,-2208.84,-4682.42,-1233.38,-579.01,2231.64,632.885,-4638.72,0.743566,6600.0,600.0
6700000,604.966,-8588.21,5681.03,-2243.93,39.0208,-2235.36,-11163.2,-8736.39,-5865.04,-2694.46,-4607.96,-1799.96,0.729853,6700.0,600.0
6800000,580.649,-9145.86,5681.03,-2242.37,37.4523,-2237.35,-7796.53,-8114.05,-11527.0,2074.85,-932.483,-2288.81,0.72164,6800.0,600.0
6900000,581.968,-3923.59,5681.03,-2243.44,37.5374,-2219.81,-7059.4,-594.655,-4116.73,2920.75,-1304.12,4880.52,0.73356,6900.0,600.0
7000000,593.337,-8136.47,5681.03,-2244.12,38.2707,-2234.7,-5037.88,-11237.2,-8134.35,-2858.81,4667.85,1390.29,0.744177,7000.0,600.0
7100000,606.118,-11385.5,5681.03,-2246.22,39.0951,-2247.5,-9752.02,-12293.7,-12110.7,5343.03,-742.94,2295.6,0.748043,7100.0,600.0
7200000,591.01,-4916.44,5681.03,-2242.63,38.1206,-2221.94,2015.78,-6944.02,-9821.08,5992.92,2663.56,1953.66,0.753363,7200.0,600.0
7300000,575.523,-11081.5,5681.03,-2245.7,37.1217,-2247.87,-11610.0,-9001.41,-12633.1,-7317.14,1107.81,-1110.75,0.780092,7300.0,600.0
7400000,598.483,-9408.44,5681.03,-2243.36,38.6027,-2238.12,-6406.13,-8867.7,-12951.5,181.663,-3615.77,-947.686,0.804963,7400.0,600.0
7500000,614.085,-7454.82,5681.03,-2244.24,39.609,-2231.07,-10726.9,-5109.19,-6528.4,-3432.98,-1787.51,336.128,0.812173,7500.0,600.0
7600000,590.011,-7007.56,5681.03,-2243.22,38.0562,-2230.01,-6878.65,-6446.74,-7697.31,-3328.12,1835.92,-1342.74,0.836984,7600.0,600.0
7700000,608.341,-5037.13,5681.03,-2240.6,39.2385,-2219.22,-6862.68,-2598.45,-5650.25,1490.06,-2171.5,2468.05,0.828923,7700.0,600.0
7800000,588.101,-5831.79,5681.03,-2243.99,37.933,-2226.73,-2015.42,-5179.53,-10300.4,2172.31,-1248.71,-4731.79,0.822153,7800.0,600.0
7900000,577.147,-8127.15,5681.03,-2243.98,37.2264,-2235.57,-7999.57,-7680.77,-8701.13,-1604.08,565.966,3065.16,0.814488,7900.0,600.0
8000000,614.474,-5255.67,5681.03,-2245.95,39.6341,-2224.95,-4316.37,-6117.74,-5332.9,-1318.04,-1946.56,3576.56,0.811137,8000.0,600.0
8100000,596.421,-5213.95,5681.03,-2244.5,38.4696,-2224.52,-5535.08,-6196.77,-3909.99,-5398.39,2103.6,-464.794,0.807689,8100.0,600.0
8200000,577.217,-6642.62,5681.03,-2245.2,37.2309,-2231.53,-8757.29,-5506.62,-5663.95,-4857.58,4832.0,-709.722,0.80152,8200.0,600.0
8300000,624.113,-5365.2,5681.03,-2242.17,40.2558,-2220.94,-4982.49,-5185.8,-5927.32,1338.45,770.015,-876.294,0.793692,8300.0,600.0
8400000,640.064,-9849.92,5681.03,-2244.96,41.2846,-2238.6,-12256.6,-9106.49,-8186.64,2003.68,-8445.73,-2369.96,0.785982,8400.0,600.0
8500000,619.769,-10448.0,5681.03,-2244.18,39.9756,-2241.25,-8367.22,-11083.4,-11893.4,687.078,-1828.2,-2026.89,0.790105,8500.0,600.0
8600000,550.225,-6740.11,5681.03,-2243.59,35.4899,-2232.0,-6218.42,-6674.16,-7327.77,3849.78,203.222,5601.73,0.790428,8600.0,600.0
8700000,581.49,-5331.15,5681.03,-2243.31,37.5066,-2224.7,-9303.5,-4900.1,-1789.86,-8111.18,3323.91,-587.716,0.794833,8700.0,600.0
8800000,568.694,-5262.74,5681.03,-2240.71,36.6812,-2222.69,-4211.67,-4446.88,-7129.67,4268.77,806.828,-1527.96,0.788448,8800.0,600.0
8900000,596.948,-5215.38,5681.03,-2243.7,38.5036,-2223.69,-7630.41,-5328.58,-2687.16,-1348.48,2207.66,-8539.3,0.782014,8900.0,600.0
9000000,628.11,-4365.19,5681.03,-2243.82,40.5136,-2218.78,-2355.74,-4407.42,-6332.41,-3463.04,4451.36,2732.06,0.781031,9000.0,600.0
9100000,604.046,-2187.57,5681.03,-2241.08,38.9614,-2209.87,-7793.97,1990.41,-759.147,-522.74,-359.563,3748.49,0.779181,9100.0,600.0
9200000,613.813,-3870.34,5681.03,-2244.09,39.5914,-2218.22,-12119.0,477.683,30.285,-1713.53,-2925.92,-294.731,0.773845,9200.0,600.0
9300000,643.461,-3151.08,5681.03,-2243.6,41.5038,-2213.27,-4420.41,-4910.26,-122.573,388.325,2370.87,-1445.27,0.768362,9300.0,600.0
9400000,601.527,-6057.78,5681.03,-2243.94,38.799,-2226.62,-14982.0,-836.582,-2354.75,1150.2,590.829,-894.23,0.762924,9400.0,600.0
9500000,643.351,-4353.86,5681.03,-2241.78,41.4967,-2215.73,-2883.51,-3546.88,-6631.2,4211.98,-3115.17,7095.0,0.763417,9500.0,600.0
9600000,566.195,-10246.0,5681.03,-2243.15,36.52,-2242.96,-9982.96,-2758.03,-17996.9,-2911.39,45.8822,3125.39,0.765744,9600.0,600.0
9700000,593.749,-6066.53,5681.03,-2243.25,38.2973,-2226.46,-8962.27,-9786.42,549.096,3601.84,1905.74,1635.41,0.765659,9700.0,600.0
9800000,596.623,-9606.8,5681.03,-2244.78,38.4827,-2240.36,-13540.0,-5718.71,-9561.7,9928.77,-4838.05,3996.08,0.774133,9800.0,600.0
9900000,612.677,-7635.49,5681.03,-2242.95,39.5182,-2230.51,-9409.9,-2460.81,-11035.7,-1380.35,-845.547,2140.89,0.787188,9900.0,600.0
10000000,595.905,-11007.2,5681.03,-2246.42,38.4363,-2247.02,-9093.31,-11288.4,-12639.9,-4455.33,321.215,-1749.86,0.794955,10000.0,600.0
