TimeStep,temp,pressure,vol,pe,ke,enthalpy,pxx,pyy,pzz,pxy,pxz,pyz,visc,time,hold_temp
0,1287.86,3792.51,9188.22,-2361.93,83.0678,-2257.12,6664.22,1175.43,3537.86,7888.61,-872.71,-1561.15,0.00580573,0.0,1250.0
100000,1198.01,-3301.83,9188.22,-2368.22,77.2727,-2309.89,-4049.08,-3323.49,-2532.94,-2863.24,-1650.77,-1016.19,0.0144391,100.0,1250.0
200000,1258.65,-1127.53,9188.22,-2368.07,81.1836,-2293.35,1469.24,479.466,-5331.29,853.016,959.696,2870.59,0.00893118,200.0,1250.0
300000,1235.25,2042.92,9188.22,-2362.17,79.6745,-2270.78,917.908,4090.94,1119.92,3223.62,-1269.99,-2008.82,0.00720452,300.0,1250.0
400000,1220.1,-1116.1,9188.22,-2365.37,78.6977,-2293.08,-2070.94,-3881.42,2604.05,-4768.53,6730.19,-1580.32,0.0135258,400.0,1250.0
500000,1288.26,3376.3,9188.22,-2359.53,83.0941,-2257.08,7272.99,-1486.66,4342.57,-1577.92,-816.196,-360.754,0.00985047,500.0,1250.0
600000,1202.12,200.903,9188.22,-2359.76,77.5377,-2281.07,195.799,764.635,-357.726,-3476.15,3171.69,2872.98,0.00896064,600.0,1250.0
700000,1273.93,978.969,9188.22,-2358.73,82.1697,-2270.94,2891.33,-2053.55,2099.12,-2868.81,120.096,3353.0,0.00844362,700.0,1250.0
800000,1244.36,3513.33,9188.22,-2359.79,80.2625,-2259.38,1570.57,1832.45,7136.97,-1891.67,-684.026,-1049.12,0.00816982,800.0,1250.0
900000,1296.85,2056.48,9188.22,-2363.42,83.6477,-2267.98,-685.779,6674.83,180.38,3281.59,1425.42,-2333.8,0.00784829,900.0,1250.0
1000000,1305.61,-353.791,9188.22,-2367.47,84.213,-2285.28,-748.685,-105.794,-206.893,-2035.5,2128.81,-1332.01,0.00740722,1000.0,1250.0
1100000,1302.05,553.89,9188.22,-2367.43,83.983,-2280.27,6197.2,3804.15,-8339.68,2769.98,-3308.48,2847.86,0.00651544,1100.0,1250.0
1200000,1162.06,-2622.06,9188.22,-2366.45,74.954,-2306.53,-3929.33,-2689.34,-1247.5,-1214.36,-2183.03,-2259.44,0.00701169,1200.0,1250.0
1300000,1286.7,1609.38,9188.22,-2362.31,82.9929,-2270.09,1769.13,3130.32,-71.3099,-3976.62,-1507.34,-5576.83,0.00723478,1300.0,1250.0
1400000,1290.05,1029.95,9188.22,-2358.68,83.2092,-2269.56,-1899.24,2843.6,2145.5,-701.473,-3594.52,3707.98,0.00762579,1400.0,1250.0
1500000,1204.37,5419.15,9188.22,-2358.85,77.6827,-2250.09,-24.4393,9687.43,6594.45,-392.894,-1178.22,-4193.09,0.00698642,1500.0,1250.0
1600000,1264.43,4789.81,9188.22,-2359.26,81.557,-2250.23,4494.47,5263.2,4611.77,3976.75,-5147.03,1468.41,0.0072802,1600.0,1250.0
1700000,1262.19,-0.256626,9188.22,-2361.37,81.4122,-2279.96,-1365.3,8.35763,1356.17,752.36,4760.24,-2190.02,0.00690627,1700.0,1250.0
1800000,1283.79,4654.38,9188.22,-2356.23,82.8058,-2246.73,9741.71,58.7407,4162.71,1508.36,5263.6,-1234.87,0.00654345,1800.0,1250.0
1900000,1208.43,2806.83,9188.22,-2357.99,77.9445,-2263.95,-1876.18,5075.15,5221.53,1098.38,3753.62,3375.05,0.00628041,1900.0,1250.0
2000000,1224.16,-449.048,9188.22,-2365.75,78.9596,-2289.36,-839.86,27.604,-534.889,-2104.37,-2738.12,-1349.06,0.00610509,2000.0,1250.0
2100000,1186.1,2536.69,9188.22,-2352.71,76.5044,-2261.66,1877.18,3632.75,2100.15,-1414.81,1633.76,2450.6,0.00573973,2100.0,1250.0
2200000,1203.59,3203.02,9188.22,-2356.47,77.6326,-2260.47,4583.63,2637.29,2388.13,2251.7,1064.8,-2413.09,0.00568878,2200.0,1250.0
2300000,1233.03,-1533.68,9188.22,-2369.67,79.5313,-2298.94,-688.112,-438.269,-3474.67,-6575.66,-1039.89,4144.47,0.00591408,2300.0,1250.0
2400000,1299.94,3111.13,9188.22,-2359.17,83.8474,-2257.48,-2595.83,6873.54,5055.68,-1835.63,-3593.47,2788.67,0.00610099,2400.0,1250.0
2500000,1347.53,1358.03,9188.22,-2364.75,86.917,-2270.04,5754.89,-797.694,-883.121,-2259.17,2050.39,6602.48,0.00584176,2500.0,1250.0
2600000,1302.57,3182.11,9188.22,-2363.0,84.0167,-2260.73,463.425,6085.51,2997.4,1017.51,922.646,51.7549,0.0055088,2600.0,1250.0
2700000,1277.15,399.425,9188.22,-2361.95,82.3773,-2277.28,129.653,-207.175,1275.8,-2430.25,-2739.18,3992.25,0.00667237,2700.0,1250.0
2800000,1219.98,2729.29,9188.22,-2358.84,78.69,-2264.5,289.584,-694.436,8592.73,1527.6,2649.21,-856.355,0.00642605,2800.0,1250.0
2900000,1287.12,2300.22,9188.22,-2359.26,83.0205,-2263.04,3231.17,3929.31,-259.822,-5310.78,-4277.87,-1577.78,0.00604217,2900.0,1250.0
3000000,1145.32,497.949,9188.22,-2362.32,73.8743,-2285.59,1011.67,1458.84,-976.667,-3928.6,-1988.17,-683.271,0.00608885,3000.0,1250.0
3100000,1295.91,66.3674,9188.22,-2361.62,83.5869,-2277.65,3503.2,-3886.25,582.153,-7226.7,380.228,1536.97,0.00633431,3100.0,1250.0
3200000,1194.42,-1253.85,9188.22,-2358.58,77.041,-2288.73,1754.77,-633.589,-4882.72,-31.8309,1926.66,-32.4027,0.0064287,3200.0,1250.0
3300000,1323.15,1381.4,9188.22,-2362.86,85.3446,-2269.6,211.001,2048.52,1884.69,-977.979,64.1511,-1102.98,0.00622292,3300.0,1250.0
3400000,1353.21,480.408,9188.22,-2367.03,87.2834,-2276.99,-2724.09,-823.978,4989.29,-3344.85,907.376,-950.556,0.00642366,3400.0,1250.0
3500000,1200.02,-141.591,9188.22,-2359.68,77.4021,-2283.09,-3456.54,-4441.72,7473.49,407.285,-437.759,-3989.73,0.00632995,3500.0,1250.0
3600000,1267.78,921.409,9188.22,-2359.35,81.7726,-2272.29,1699.86,3618.58,-2554.21,935.323,3131.57,-4203.62,0.00641936,3600.0,1250.0
3700000,1204.4,50.0462,9188.22,-2359.66,77.6846,-2281.68,4070.22,5026.43,-8946.51,-56.1613,-1992.53,-164.472,0.00611687,3700.0,1250.0
3800000,1290.59,2188.15,9188.22,-2357.7,83.2439,-2261.91,3211.07,-27.8812,3381.28,1353.77,-2422.21,-3433.78,0.00634217,3800.0,1250.0
3900000,1256.59,375.871,9188.22,-2359.52,81.051,-2276.32,-6323.28,7113.59,337.301,1364.54,59.4211,1151.69,0.00640318,3900.0,1250.0
4000000,1185.88,1227.31,9188.22,-2359.24,76.4901,-2275.71,3011.35,-21.9226,692.508,-2223.42,3683.22,5397.26,0.0065896,4000.0,1250.0
4100000,1225.23,-1562.5,9188.22,-2358.85,79.0282,-2288.78,-3797.66,-2171.33,1281.48,-2201.65,-208.358,-1608.33,0.00656199,4100.0,1250.0
4200000,1288.12,2332.99,9188.22,-2364.75,83.085,-2268.29,4173.96,-2129.08,4954.1,2443.6,-2609.72,643.285,0.00660243,4200.0,1250.0
4300000,1221.64,-1022.11,9188.22,-2366.13,78.7971,-2293.2,-3577.07,3731.24,-3220.48,3950.46,-12.385,4532.78,0.00711939,4300.0,1250.0
4400000,1343.37,345.367,9188.22,-2361.58,86.6484,-2272.95,6767.89,-4340.65,-1391.14,-3754.11,-2924.27,-1431.07,0.00690442,4400.0,1250.0
4500000,1245.17,-3116.13,9188.22,-2369.03,80.3142,-2306.59,-3561.92,-7358.17,1571.71,4459.12,-1192.83,1745.17,0.00665841,4500.0,1250.0
4600000,1265.57,2820.11,9188.22,-2357.6,81.6301,-2259.8,321.554,4631.65,3507.11,1225.98,-4401.84,156.677,0.00644227,4600.0,1250.0
4700000,1296.2,4138.06,9188.22,-2358.36,83.6058,-2251.02,6031.08,3385.37,2997.73,320.18,1519.03,-1940.25,0.00647074,4700.0,1250.0
4800000,1268.24,332.222,9188.22,-2367.29,81.8026,-2283.58,-2456.22,-2205.1,5657.98,3631.42,4511.18,1853.07,0.00652756,4800.0,1250.0
4900000,1213.97,-1482.01,9188.22,-2368.45,78.3023,-2298.64,-2372.33,-4549.38,2475.67,386.887,703.058,-2881.45,0.00645815,4900.0,1250.0
5000000,1264.72,145.346,9188.22,-2364.9,81.5757,-2282.5,-2994.03,4968.34,-1538.27,2695.5,3613.6,-601.653,0.00645621,5000.0,1250.0
5100000,1149.85,-1611.48,9188.22,-2369.75,74.1665,-2304.82,-6229.21,-384.08,1778.85,2897.62,-1883.39,-342.968,0.00636873,5100.0,1250.0
5200000,1236.0,2748.74,9188.22,-2357.11,79.7233,-2261.62,5378.53,1729.82,1137.85,-1888.84,-2665.73,-4385.24,0.00634252,5200.0,1250.0
5300000,1212.11,6030.31,9188.22,-2355.65,78.182,-2242.89,1005.71,9644.62,7440.6,123.242,209.7,-687.688,0.0061715,5300.0,1250.0
5400000,1233.67,980.072,9188.22,-2359.16,79.5729,-2273.97,-1237.57,1665.34,2512.44,-2371.62,1257.36,-3174.17,0.00604892,5400.0,1250.0
5500000,1303.35,-8.33692,9188.22,-2361.21,84.0674,-2277.19,5296.07,-2124.62,-3196.46,932.883,-717.74,-1343.14,0.00587131,5500.0,1250.0
5600000,1297.72,1140.42,9188.22,-2362.32,83.704,-2272.08,-2013.07,2917.76,2516.57,1017.29,-410.495,3546.96,0.0066856,5600.0,1250.0
5700000,1225.6,3048.79,9188.22,-2359.01,79.0521,-2262.47,3372.41,717.212,5056.73,-785.815,-5025.0,3452.82,0.00652135,5700.0,1250.0
5800000,1359.31,1982.03,9188.22,-2359.31,87.6767,-2260.26,1515.92,-778.336,5208.51,179.646,5079.78,-1003.33,0.00659074,5800.0,1250.0
5900000,1244.21,246.366,9188.22,-2361.33,80.2527,-2279.67,-660.39,-3789.97,5189.46,49.8015,185.074,3415.56,0.00685424,5900.0,1250.0
6000000,1211.93,1118.81,9188.22,-2358.41,78.1703,-2273.82,1639.05,-258.443,1975.83,349.024,-3063.49,990.157,0.00753249,6000.0,1250.0
6100000,1208.57,190.094,9188.22,-2360.81,77.9536,-2281.76,2024.47,-4910.85,3456.66,-1475.72,-1569.27,-435.666,0.00752554,6100.0,1250.0
6200000,1249.29,-176.204,9188.22,-2364.47,80.5802,-2284.9,194.191,319.24,-1042.04,-2027.72,-5786.67,-1959.48,0.00755054,6200.0,1250.0
6300000,1212.09,4075.09,9188.22,-2360.57,78.1805,-2259.02,6854.04,950.831,4420.39,2594.5,1283.45,719.035,0.00751172,6300.0,1250.0
6400000,1207.73,2789.14,9188.22,-2357.61,77.8995,-2263.71,3667.12,375.414,4324.9,-101.76,1352.06,3309.21,0.00771578,6400.0,1250.0
6500000,1227.52,2265.54,9188.22,-2360.28,79.1758,-2268.11,-246.149,2742.98,4299.77,-2344.19,754.231,523.177,0.00796713,6500.0,1250.0
6600000,1331.46,3499.36,9188.22,-2357.49,85.8805,-2251.54,-1673.71,3868.34,8303.45,2566.03,-2398.11,-5.86181,0.00789662,6600.0,1250.0
6700000,1340.71,1037.34,9188.22,-2359.48,86.4766,-2267.05,-689.522,-707.59,4509.13,-875.706,-396.618,1390.24,0.00780202,6700.0,1250.0
6800000,1289.23,1397.92,9188.22,-2360.99,83.1561,-2269.82,918.866,5510.18,-2235.28,2953.82,1690.33,4653.95,0.00784052,6800.0,1250.0
6900000,1203.08,717.578,9188.22,-2365.51,77.5997,-2283.79,-1687.14,590.107,3249.77,-1226.4,-718.677,-468.742,0.00785682,6900.0,1250.0
7000000,1310.08,-435.246,9188.22,-2365.57,84.5012,-2283.57,-1291.27,-2219.29,2204.82,3476.58,1677.69,-3289.61,0.00774801,7000.0,1250.0
7100000,1266.13,-2243.7,9188.22,-2370.02,81.6663,-2301.22,-3881.76,-2396.48,-452.841,579.328,-923.681,-1183.58,0.00763204,7100.0,1250.0
7200000,1281.26,952.646,9188.22,-2360.62,82.6425,-2272.52,8744.35,-1588.38,-4298.03,2663.98,-1475.24,-961.114,0.00758108,7200.0,1250.0
7300000,1325.85,1759.12,9188.22,-2362.75,85.5183,-2267.14,3912.31,2322.75,-957.7,971.016,946.021,1228.54,0.00771601,7300.0,1250.0
7400000,1232.04,-507.495,9188.22,-2364.34,79.4675,-2287.78,-3727.9,1801.97,403.443,-2921.82,1726.63,-2508.15,0.00752425,7400.0,1250.0
7500000,1225.47,140.443,9188.22,-2362.49,79.0441,-2282.64,5608.43,-6537.84,1350.74,-3939.54,-894.042,-5022.33,0.00739478,7500.0,1250.0
7600000,1261.06,4165.91,9188.22,-2357.14,81.3395,-2251.91,4195.96,4282.09,4019.68,-1862.02,-2217.79,-2681.08,0.00728806,7600.0,1250.0
7700000,1224.82,1603.76,9188.22,-2361.15,79.0022,-2272.95,1319.85,439.91,3051.52,1299.12,-733.065,1826.83,0.00723768,7700.0,1250.0
7800000,1289.26,-53.3604,9188.22,-2360.94,83.1581,-2278.09,4465.71,-2936.77,-1689.02,-3456.48,63.8949,2710.89,0.00720946,7800.0,1250.0
7900000,1185.79,2906.7,9188.22,-2362.91,76.4844,-2269.76,838.822,3652.59,4228.69,-1413.81,718.678,1200.17,0.00707665,7900.0,1250.0
8000000,1271.78,2471.23,9188.22,-2361.69,82.0308,-2265.48,3187.67,460.157,3765.86,166.129,-3096.36,4003.54,0.00700978,8000.0,1250.0
8100000,1344.34,1070.8,9188.22,-2364.88,86.7112,-2272.03,3726.3,1082.43,-1596.33,1663.01,-2334.54,-1380.54,0.00696819,8100.0,1250.0
8200000,1325.21,3971.99,9188.22,-2353.79,85.4769,-2245.54,595.573,9684.32,1636.09,-2584.15,1511.68,851.858,0.00700814,8200.0,1250.0
8300000,1210.28,364.881,9188.22,-2361.99,78.0643,-2281.83,916.432,-2191.51,2369.72,248.933,1449.03,565.734,0.00700751,8300.0,1250.0
8400000,1304.02,-1721.59,9188.22,-2364.78,84.1104,-2290.54,69.8085,2208.93,-7443.51,-2490.93,-1799.02,-1449.0,0.00702805,8400.0,1250.0
8500000,1237.73,-1941.45,9188.22,-2361.12,79.8347,-2292.42,-1622.52,-2341.13,-1860.69,-1232.91,1839.44,-2588.21,0.00706574,8500.0,1250.0
8600000,1223.42,-370.54,9188.22,-2362.63,78.9113,-2285.85,-781.282,3847.68,-4178.02,-4832.59,1528.25,1710.67,0.00716637,8600.0,1250.0
8700000,1237.46,604.465,9188.22,-2364.86,79.8173,-2281.58,-353.705,2692.33,-525.234,-758.167,-2074.46,-571.267,0.00734531,8700.0,1250.0
8800000,1266.95,1336.36,9188.22,-2363.17,81.7193,-2273.78,1480.43,393.916,2134.73,1569.3,1717.69,2267.3,0.00727235,8800.0,1250.0
8900000,1267.8,-956.885,9188.22,-2364.04,81.7743,-2287.76,-1179.36,-799.189,-892.104,177.095,1008.13,-901.807,0.00727747,8900.0,1250.0
9000000,1216.33,137.264,9188.22,-2363.75,78.4544,-2284.51,-2699.32,858.278,2252.84,984.614,-2084.85,3597.16,0.00722098,9000.0,1250.0
9100000,1245.46,-881.855,9188.22,-2365.21,80.3331,-2289.93,736.669,-3194.29,-187.942,-2668.57,-1768.38,-2874.01,0.00714121,9100.0,1250.0
9200000,1176.45,2341.55,9188.22,-2356.77,75.8819,-2267.46,-2392.03,6635.22,2781.47,-3362.3,-449.441,-1175.69,0.00702724,9200.0,1250.0
9300000,1137.06,1302.84,9188.22,-2358.32,73.341,-2277.5,1314.28,785.964,1808.29,-1405.78,-3764.27,-3087.94,0.0070088,9300.0,1250.0
9400000,1263.63,1146.49,9188.22,-2362.9,81.5052,-2274.82,6620.97,-4694.46,1512.96,654.356,1608.55,-4005.6,0.00695957,9400.0,1250.0
9500000,1206.88,972.243,9188.22,-2355.2,77.8445,-2271.78,2078.65,1792.63,-954.551,3963.3,1682.82,1876.94,0.00694665,9500.0,1250.0
9600000,1201.21,-3018.98,9188.22,-2364.58,77.4792,-2304.41,-7096.18,-1059.29,-901.479,-1423.37,2721.31,855.281,0.00680952,9600.0,1250.0
9700000,1220.65,893.795,9188.22,-2363.38,78.7331,-2279.52,-999.469,2595.11,1085.74,4055.62,3118.65,1582.59,0.00675148,9700.0,1250.0
9800000,1283.98,-1314.85,9188.22,-2365.49,82.8176,-2290.21,-1276.16,2681.98,-5350.38,-1073.88,-173.717,334.349,0.0066731,9800.0,1250.0
9900000,1346.38,1200.91,9188.22,-2363.0,86.8428,-2269.27,-2817.9,6320.14,100.487,472.263,1070.16,-400.749,0.00672238,9900.0,1250.0
10000000,1243.0,1290.76,9188.22,-2358.62,80.1747,-2271.04,9895.43,-2840.68,-3182.48,-1717.07,896.708,-213.725,0.0069437,10000.0,1250.0
