TimeStep,temp,pressure,vol,pe,ke,enthalpy,pxx,pyy,pzz,pxy,pxz,pyz,visc,time,hold_temp
0,1002.82,722.118,9074.91,-2292.5,64.6825,-2223.72,-220.334,50.555,2336.13,-2941.09,-1478.43,572.337,0.00122293,0.0,1000.0
100000,1058.36,722.435,9074.91,-2298.52,68.2648,-2226.16,1030.06,137.96,999.287,-4123.71,1529.94,2605.47,0.0318859,100.0,1000.0
200000,1006.63,2897.24,9074.91,-2296.75,64.9287,-2215.41,2333.38,4219.7,2138.63,-135.483,442.543,-1558.97,0.0460102,200.0,1000.0
300000,999.519,6321.4,9074.91,-2288.36,64.4698,-2188.08,1118.69,10887.5,6957.98,3676.41,1161.85,-4841.64,0.0203662,300.0,1000.0
400000,1029.84,5811.48,9074.91,-2286.95,66.4252,-2187.61,10051.4,1431.63,5951.39,-3879.62,442.748,1286.82,0.0190593,400.0,1000.0
500000,965.697,5884.04,9074.91,-2289.83,62.2883,-2194.21,237.135,9119.47,8295.53,-292.08,-445.845,-5541.07,0.0212345,500.0,1000.0
600000,953.127,6713.41,9074.91,-2287.24,61.4775,-2187.74,11837.5,2832.62,5470.06,815.754,1258.87,176.528,0.0166747,600.0,1000.0
700000,1007.78,3656.99,9074.91,-2290.07,65.0027,-2204.35,1627.9,954.536,8388.54,714.789,1333.2,-1326.98,0.013449,700.0,1000.0
800000,1039.85,5248.36,9074.91,-2289.14,67.0711,-2192.34,9665.81,7821.17,-1741.92,-2130.12,-2811.51,-3853.75,0.0180344,800.0,1000.0
900000,971.696,4662.65,9074.91,-2289.2,62.6752,-2200.11,2694.23,3832.91,7460.81,1955.9,1960.66,4548.85,0.01518,900.0,1000.0
1000000,1010.4,1703.48,9074.91,-2300.35,65.1719,-2225.53,4300.12,-35.7579,846.065,3009.34,-2592.32,3461.62,0.0148633,1000.0,1000.0
1100000,993.112,2241.61,9074.91,-2292.34,64.0565,-2215.58,561.593,1030.77,5132.47,2708.24,-1572.16,1690.56,0.014138,1100.0,1000.0
1200000,970.786,728.756,9074.91,-2298.06,62.6165,-2231.32,-1173.12,2527.18,832.208,3291.13,2088.53,-445.302,0.0207521,1200.0,1000.0
1300000,1075.58,3870.5,9074.91,-2292.18,69.376,-2200.88,6720.33,1316.84,3574.34,1829.47,796.852,-2542.68,0.019657,1300.0,1000.0
1400000,992.774,2729.07,9074.91,-2291.0,64.0347,-2211.5,-1187.19,6762.42,2611.99,-949.319,561.336,977.654,0.019051,1400.0,1000.0
1500000,1001.27,4568.67,9074.91,-2290.24,64.5828,-2199.78,3939.04,6859.8,2907.18,-677.847,991.29,-60.3512,0.0230863,1500.0,1000.0
1600000,1002.1,3638.76,9074.91,-2292.0,64.6365,-2206.75,2031.57,5043.81,3840.9,1717.08,-965.686,86.128,0.0205224,1600.0,1000.0
1700000,1029.78,138.84,9074.91,-2293.03,66.4219,-2225.83,3160.27,-1008.92,-1734.83,-3017.11,2214.01,2074.21,0.0212209,1700.0,1000.0
1800000,936.3,3758.43,9074.91,-2294.7,60.3921,-2213.02,13133.4,-985.175,-872.907,4525.29,-2602.41,-2066.37,0.0195132,1800.0,1000.0
1900000,967.862,2472.53,9074.91,-2294.35,62.4279,-2217.91,958.953,4250.92,2207.72,-3913.5,-30.1255,-1147.9,0.0189449,1900.0,1000.0
2000000,990.259,5497.17,9074.91,-2292.11,63.8725,-2197.1,4404.08,7493.66,4593.78,1520.7,709.845,-4627.2,0.0194747,2000.0,1000.0
2100000,1031.44,2663.45,9074.91,-2289.89,66.5285,-2208.27,-178.096,1129.94,7038.51,-2153.4,-849.918,79.9729,0.0167099,2100.0,1000.0
2200000,1013.56,3743.31,9074.91,-2293.03,65.3757,-2206.45,315.212,4376.45,6538.28,22.1731,2402.41,-729.065,0.0160514,2200.0,1000.0
2300000,946.267,3411.07,9074.91,-2294.38,61.035,-2214.02,4952.77,5140.53,139.904,-1995.51,-4443.8,1843.55,0.0161873,2300.0,1000.0
2400000,951.641,3339.6,9074.91,-2292.58,61.3816,-2212.28,3330.26,4713.41,1975.13,481.755,0.493585,439.672,0.0156666,2400.0,1000.0
2500000,1023.92,4999.29,9074.91,-2289.35,66.0438,-2194.99,2200.98,8139.71,4657.18,-5100.44,3324.17,-2306.55,0.0150376,2500.0,1000.0
2600000,1029.98,6486.02,9074.91,-2293.27,66.4344,-2190.09,4056.49,6125.22,9276.36,392.088,165.323,5072.58,0.0146957,2600.0,1000.0
2700000,969.597,3899.55,9074.91,-2295.59,62.5398,-2210.96,112.341,6675.46,4910.85,-3489.13,1744.43,-345.015,0.0150167,2700.0,1000.0
2800000,1006.23,5557.21,9074.91,-2289.99,64.9024,-2193.62,3102.99,7900.05,5668.6,2145.53,833.671,73.3825,0.0159943,2800.0,1000.0
2900000,985.812,791.622,9074.91,-2293.1,63.5857,-2225.03,1987.5,-5067.62,5454.98,294.018,12.3759,2686.94,0.0153776,2900.0,1000.0
3000000,994.604,-425.434,9074.91,-2296.0,64.1528,-2234.25,247.455,-647.79,-875.967,1064.39,-2386.72,1621.17,0.0152553,3000.0,1000.0
3100000,933.895,4017.87,9074.91,-2295.58,60.237,-2212.59,3264.79,7980.28,808.555,-1124.74,639.595,-1245.38,0.0144692,3100.0,1000.0
3200000,953.048,3123.37,9074.91,-2290.75,61.4723,-2211.58,7417.5,850.648,1101.95,-4544.7,2419.78,-836.074,0.0148334,3200.0,1000.0
3300000,1010.58,1605.27,9074.91,-2295.55,65.1832,-2221.27,67.0009,18.2084,4730.6,1681.92,-284.001,821.653,0.0150697,3300.0,1000.0
3400000,1053.69,2571.61,9074.91,-2294.27,67.9636,-2211.74,5407.85,1634.62,672.356,605.603,-1320.88,3135.55,0.0146223,3400.0,1000.0
3500000,987.703,4864.0,9074.91,-2290.87,63.7076,-2199.61,567.504,9009.18,5015.31,-3156.59,1140.53,731.974,0.0153345,3500.0,1000.0
3600000,1064.1,2760.44,9074.91,-2290.04,68.6354,-2205.77,660.463,480.69,7140.18,3302.83,-1611.17,2555.43,0.0167135,3600.0,1000.0
3700000,955.632,3007.05,9074.91,-2291.2,61.6391,-2212.53,7173.68,-4167.36,6014.84,574.15,-5005.91,2791.66,0.0176187,3700.0,1000.0
3800000,1017.27,4102.5,9074.91,-2292.07,65.6148,-2203.21,4665.2,8440.16,-797.84,-623.698,-2050.52,-1946.16,0.0177972,3800.0,1000.0
3900000,988.985,2971.63,9074.91,-2296.98,63.7904,-2216.36,6462.78,2319.16,132.959,2074.13,2004.65,-1639.2,0.0174998,3900.0,1000.0
4000000,1010.92,4727.54,9074.91,-2289.5,65.2048,-2197.52,5083.99,4363.27,4735.37,1029.55,-925.608,798.828,0.0182798,4000.0,1000.0
4100000,1035.11,2332.4,9074.91,-2291.04,66.7658,-2211.07,-218.942,5232.21,1983.92,-81.5667,-3556.69,3552.5,0.0187156,4100.0,1000.0
4200000,1001.79,5136.96,9074.91,-2292.46,64.6161,-2198.75,3060.92,8297.08,4052.9,1295.81,-644.293,447.619,0.0188516,4200.0,1000.0
4300000,973.328,2083.59,9074.91,-2294.31,62.7804,-2219.73,-505.842,2221.39,4535.21,2150.27,3675.41,2017.99,0.0196378,4300.0,1000.0
4400000,1013.79,5311.13,9074.91,-2290.67,65.3905,-2195.19,7551.79,3271.17,5110.43,3690.32,2118.89,-3068.19,0.0199444,4400.0,1000.0
4500000,1032.45,4662.61,9074.91,-2291.48,66.5941,-2198.47,7846.59,3793.51,2347.75,-3419.67,2633.93,-497.737,0.0187141,4500.0,1000.0
4600000,1012.32,2875.3,9074.91,-2291.06,65.2953,-2209.48,1755.07,2939.82,3931.0,3672.65,4457.69,-2387.92,0.0190956,4600.0,1000.0
4700000,1077.27,6948.41,9074.91,-2286.55,69.4848,-2177.71,7631.76,6900.25,6313.21,-206.727,1122.96,2436.88,0.0188721,4700.0,1000.0
4800000,955.159,1308.22,9074.91,-2293.21,61.6085,-2224.19,-2167.44,5901.99,190.111,-1291.09,-3203.55,-581.306,0.0185994,4800.0,1000.0
4900000,926.463,7388.15,9074.91,-2287.79,59.7576,-2186.18,9308.0,5093.97,7762.49,2149.88,121.466,56.5379,0.0185338,4900.0,1000.0
5000000,972.453,6527.23,9074.91,-2289.78,62.724,-2190.08,8177.0,9274.67,2130.02,-2146.67,-1770.4,-546.242,0.0183281,5000.0,1000.0
5100000,1012.0,2407.9,9074.91,-2287.89,65.2748,-2208.98,2487.33,3856.14,880.23,2845.36,295.967,1133.88,0.0179869,5100.0,1000.0
5200000,1088.01,1939.78,9074.91,-2292.07,70.1778,-2210.91,5847.79,-5146.72,5118.27,-6234.99,-3392.82,252.371,0.0180915,5200.0,1000.0
5300000,934.067,3564.24,9074.91,-2291.2,60.2481,-2210.76,3112.33,3965.2,3615.2,754.811,-597.554,3031.41,0.0175752,5300.0,1000.0
5400000,965.082,1791.33,9074.91,-2292.38,62.2486,-2219.98,1487.5,-1854.49,5740.97,-4517.63,-2158.45,-3114.24,0.0181763,5400.0,1000.0
5500000,1044.84,2439.05,9074.91,-2297.4,67.3928,-2216.2,4978.49,1844.99,493.669,3737.9,-158.412,1357.31,0.0182239,5500.0,1000.0
5600000,1118.72,3512.01,9074.91,-2291.83,72.1584,-2199.78,3500.35,2892.65,4143.03,1186.47,-982.624,389.125,0.0181563,5600.0,1000.0
5700000,940.869,4847.99,9074.91,-2288.38,60.6868,-2200.23,2577.54,6897.79,5068.65,2712.0,2479.06,1321.06,0.0182366,5700.0,1000.0
5800000,1042.93,5438.49,9074.91,-2289.11,67.2701,-2191.04,5124.2,5927.11,5264.17,-1295.2,-1093.36,1670.94,0.0182074,5800.0,1000.0
5900000,1095.04,4765.82,9074.91,-2291.38,70.6312,-2193.76,10835.4,4407.49,-945.394,1007.75,-848.497,-1795.26,0.0185703,5900.0,1000.0
6000000,989.262,4311.9,9074.91,-2295.83,63.8082,-2207.6,4012.1,4980.63,3942.97,-5547.88,-2374.39,3294.36,0.0184653,6000.0,1000.0
6100000,1013.33,4588.3,9074.91,-2293.61,65.3608,-2202.26,7125.32,4818.76,1820.81,-1580.73,135.792,919.884,0.0183032,6100.0,1000.0
6200000,1037.96,4033.69,9074.91,-2293.74,66.9494,-2203.95,-371.097,3218.64,9253.53,-414.745,-817.292,2876.01,0.0181196,6200.0,1000.0
6300000,1047.66,5020.49,9074.91,-2292.48,67.5751,-2196.47,6800.89,2595.02,5665.58,-142.678,1181.11,2513.32,0.0180012,6300.0,1000.0
6400000,980.595,3270.9,9074.91,-2292.99,63.2492,-2211.21,2521.54,4366.61,2924.54,-3601.81,-2957.61,241.612,0.0178984,6400.0,1000.0
6500000,1019.43,1121.91,9074.91,-2296.5,65.7542,-2224.39,-562.168,-1539.62,5467.52,-2874.65,-431.564,-3850.82,0.0182627,6500.0,1000.0
6600000,969.705,2869.39,9074.91,-2295.72,62.5468,-2216.92,3691.68,2550.02,2366.46,-2587.83,-760.32,902.684,0.0190731,6600.0,1000.0
6700000,985.663,1435.93,9074.91,-2297.37,63.5761,-2225.66,7273.58,-1438.59,-1527.19,4362.26,437.216,-1427.84,0.0191471,6700.0,1000.0
6800000,955.756,2592.86,9074.91,-2293.13,61.647,-2216.8,2025.31,3880.4,1872.87,-1797.75,2095.68,-326.86,0.0193445,6800.0,1000.0
6900000,952.591,5965.99,9074.91,-2289.65,61.4429,-2194.41,13301.3,1046.91,3549.77,-549.723,-2549.88,-1477.1,0.0195695,6900.0,1000.0
7000000,1058.69,2496.07,9074.91,-2295.53,68.2866,-2213.11,1100.36,2985.57,3402.28,4083.21,2376.13,1349.05,0.0195457,7000.0,1000.0
7100000,979.706,3756.9,9074.91,-2294.53,63.1918,-2210.06,5880.11,479.386,4911.21,105.844,-3464.42,-2106.85,0.0194616,7100.0,1000.0
7200000,1024.59,5884.4,9074.91,-2289.06,66.0866,-2189.64,6545.49,7370.9,3736.8,2055.95,3753.26,1301.15,0.0195662,7200.0,1000.0
7300000,1006.76,3403.61,9074.91,-2291.17,64.9366,-2206.95,3421.12,682.821,6106.87,-823.749,-1933.19,-2429.57,0.0195019,7300.0,1000.0
7400000,1042.78,5530.3,9074.91,-2290.0,67.2603,-2191.42,7684.18,4428.75,4477.98,-2114.53,-884.824,-3445.09,0.0199312,7400.0,1000.0
7500000,981.928,6725.4,9074.91,-2286.84,63.3352,-2185.42,8874.49,6863.81,4437.9,-447.433,3126.99,723.952,0.0197539,7500.0,1000.0
7600000,958.29,3514.74,9074.91,-2289.74,61.8105,-2208.02,3583.32,2843.49,4117.41,-1643.68,-100.818,-2307.53,0.0196789,7600.0,1000.0
7700000,1065.15,7161.71,9074.91,-2290.06,68.7028,-2180.79,7054.96,6823.68,7606.5,1260.89,-1075.52,1748.18,0.0194662,7700.0,1000.0
7800000,974.795,3866.81,9074.91,-2290.67,62.8751,-2205.9,5872.53,4659.99,1067.91,1258.72,483.061,3000.98,0.0192769,7800.0,1000.0
7900000,1024.58,3068.85,9074.91,-2289.61,66.0861,-2206.15,9303.81,-1492.05,1394.8,3244.53,2683.03,-1762.73,0.0190761,7900.0,1000.0
8000000,1014.47,2876.21,9074.91,-2291.38,65.434,-2209.65,-1105.85,5605.36,4129.11,2005.92,-1054.08,-3322.32,0.0190998,8000.0,1000.0
8100000,950.28,-525.689,9074.91,-2298.83,61.2939,-2240.51,1615.61,-3001.52,-191.159,1722.09,871.346,822.987,0.0191735,8100.0,1000.0
8200000,976.397,4012.98,9074.91,-2292.7,62.9784,-2206.99,4189.69,512.958,7336.29,-2281.03,-2054.69,-1277.8,0.0193514,8200.0,1000.0
8300000,924.076,556.081,9074.91,-2301.03,59.6036,-2238.27,4970.5,-3464.91,162.649,-1723.01,1528.74,2935.76,0.0190586,8300.0,1000.0
8400000,989.581,5065.73,9074.91,-2288.39,63.8288,-2195.87,5501.78,4023.73,5671.68,-2074.81,52.7681,266.065,0.0190856,8400.0,1000.0
8500000,959.463,2361.33,9074.91,-2289.48,61.8862,-2214.22,5196.53,-4673.2,6560.66,3194.32,1610.46,-3252.88,0.0188447,8500.0,1000.0
8600000,945.5,5490.28,9074.91,-2290.69,60.9855,-2198.6,11085.9,5782.89,-398.004,57.1092,-2739.25,344.225,0.0186849,8600.0,1000.0
8700000,1028.7,4140.11,9074.91,-2296.82,66.352,-2207.01,658.243,4932.52,6829.58,872.551,2891.1,-926.881,0.0185598,8700.0,1000.0
8800000,946.734,6180.81,9074.91,-2289.44,61.0651,-2193.37,7923.75,11270.3,-651.637,-1178.61,959.146,884.741,0.0186148,8800.0,1000.0
8900000,1071.63,2608.55,9074.91,-2293.62,69.1208,-2209.72,1403.64,-1548.33,7970.33,2627.15,3701.38,549.976,0.0185043,8900.0,1000.0
9000000,1015.95,5391.6,9074.91,-2287.41,65.5299,-2191.34,10993.6,3980.93,1200.22,-1637.56,-155.701,-787.751,0.0184106,9000.0,1000.0
9100000,1046.97,8447.74,9074.91,-2289.1,67.5307,-2173.72,6380.7,13235.8,5726.75,-3519.96,5332.9,1770.66,0.0188681,9100.0,1000.0
9200000,1085.25,946.327,9074.91,-2297.51,69.9997,-2222.15,1645.82,1430.22,-237.06,4487.61,-324.683,609.237,0.0187557,9200.0,1000.0
9300000,1035.76,8448.54,9074.91,-2283.0,66.8076,-2168.33,2903.37,9036.21,13406.0,4620.22,-1902.01,-2580.3,0.0187598,9300.0,1000.0
9400000,1012.54,1850.59,9074.91,-2290.87,65.3098,-2215.08,3343.07,2648.39,-439.676,-2013.32,-4863.4,-1364.32,0.0186934,9400.0,1000.0
9500000,1005.59,1757.43,9074.91,-2289.79,64.8612,-2214.97,3625.74,-610.349,2256.89,-1380.57,-2421.02,-2306.62,0.0185278,9500.0,1000.0
9600000,1008.04,6121.46,9074.91,-2285.59,65.0192,-2185.9,9871.97,7761.12,731.296,1262.14,4569.46,543.546,0.0185296,9600.0,1000.0
9700000,1023.66,3463.77,9074.91,-2294.39,66.0269,-2208.75,2649.75,1675.91,6065.65,-550.004,414.645,-3011.22,0.0186618,9700.0,1000.0
9800000,988.305,6393.04,9074.91,-2287.97,63.7465,-2188.01,5987.19,5460.04,7731.88,-483.436,-491.456,-701.59,0.0186439,9800.0,1000.0
9900000,956.152,6279.65,9074.91,-2285.92,61.6726,-2188.68,6507.18,7579.5,4752.27,1168.37,-668.907,1695.29,0.0185021,9900.0,1000.0
10000000,1039.07,2734.47,9074.91,-2292.79,67.0207,-2210.28,-168.678,5429.04,2943.04,526.276,-2860.34,89.727,0.0185757,10000.0,1000.0
