TimeStep,temp,pressure,vol,pe,ke,enthalpy,pxx,pyy,pzz,pxy,pxz,pyz,visc,time,hold_temp
0,1126.27,-3642.77,9332.3,-2438.25,72.6454,-2386.82,-4152.41,-1283.09,-5492.81,-1619.12,-2533.31,1254.78,0.00113876,0.0,1050.0
100000,1084.74,-6046.43,9332.3,-2443.98,69.9667,-2409.23,-5584.62,-9015.01,-3539.65,5582.46,2000.78,201.789,0.00266128,100.0,1050.0
200000,1036.5,-5836.32,9332.3,-2442.61,66.8552,-2409.75,-4841.76,-9875.49,-2791.71,-2353.89,537.937,-2308.06,0.00398023,200.0,1050.0
300000,1077.04,-2724.71,9332.3,-2438.84,69.4701,-2385.24,-4576.56,-1.6813,-3595.9,1840.73,-3595.99,-3636.35,0.018109,300.0,1050.0
400000,1039.51,-3262.41,9332.3,-2435.16,67.0495,-2387.11,-2317.47,-1641.01,-5828.75,590.168,3899.28,-3120.7,0.0151433,400.0,1050.0
500000,1072.82,-3397.86,9332.3,-2437.65,69.1976,-2388.24,758.107,-4089.84,-6861.84,3115.45,938.493,1516.26,0.0164919,500.0,1050.0
600000,1056.8,-7103.18,9332.3,-2443.04,68.1644,-2416.25,-4576.16,-10977.9,-5755.45,-944.786,5206.31,-649.552,0.0226075,600.0,1050.0
700000,1012.8,-2204.91,9332.3,-2438.59,65.3263,-2386.11,-5320.26,158.188,-1452.67,-521.439,-998.958,1423.08,0.026727,700.0,1050.0
800000,1123.09,-1891.37,9332.3,-2436.58,72.4401,-2375.15,-3700.89,-2773.84,800.617,2070.85,-1877.57,4758.33,0.0221671,800.0,1050.0
900000,1016.56,-1245.92,9332.3,-2433.35,65.5691,-2375.03,-2032.18,800.759,-2506.34,-2841.99,-2715.25,269.48,0.0223415,900.0,1050.0
1000000,1086.03,-4561.24,9332.3,-2440.31,70.05,-2396.83,-1667.81,-10484.4,-1531.56,-1644.55,-389.813,-236.401,0.0213134,1000.0,1050.0
1100000,1032.96,1899.48,9332.3,-2432.67,66.6269,-2354.98,1792.56,-1798.15,5704.04,4513.23,-2438.1,-1109.91,0.0209723,1100.0,1050.0
1200000,1092.69,-6210.07,9332.3,-2444.11,70.4796,-2409.8,-5890.01,-8230.62,-4509.57,1193.51,80.8496,-346.918,0.022031,1200.0,1050.0
1300000,1042.15,-3480.95,9332.3,-2439.85,67.2197,-2392.91,-6199.22,-5631.28,1387.66,-2051.5,2652.83,1540.62,0.0205399,1300.0,1050.0
1400000,1043.48,-7368.58,9332.3,-2442.5,67.3055,-2418.12,-13339.8,-6148.49,-2617.44,-2952.1,817.972,1014.94,0.0180975,1400.0,1050.0
1500000,1097.89,-2763.99,9332.3,-2437.01,70.8151,-2382.3,-2331.14,-2078.47,-3882.34,-1188.07,2564.45,-2710.66,0.0193029,1500.0,1050.0
1600000,1043.93,-3648.81,9332.3,-2439.04,67.3345,-2392.96,142.348,-9853.18,-1235.61,1949.87,-555.249,2013.34,0.0177348,1600.0,1050.0
1700000,1047.3,-4968.24,9332.3,-2435.77,67.5517,-2397.16,-660.101,-7406.41,-6838.21,398.58,-596.933,-253.952,0.020445,1700.0,1050.0
1800000,1059.29,-2331.8,9332.3,-2436.96,68.3248,-2382.22,-1521.8,-381.427,-5092.18,721.733,-1487.7,3567.33,0.0194802,1800.0,1050.0
1900000,1018.59,-4383.84,9332.3,-2441.01,65.6997,-2400.84,-5321.99,-3578.17,-4251.37,1802.18,3060.67,-1745.16,0.0200575,1900.0,1050.0
2000000,1026.91,-6314.11,9332.3,-2436.78,66.2365,-2407.32,-6249.59,-4579.73,-8113.0,76.8449,-1207.17,-581.649,0.0208822,2000.0,1050.0
2100000,1084.19,-3067.06,9332.3,-2436.93,69.931,-2384.86,-4774.87,67.5888,-4493.89,-1197.78,-941.599,-2319.85,0.0218202,2100.0,1050.0
2200000,977.314,-6957.77,9332.3,-2440.04,63.0375,-2417.53,-6208.75,-6325.33,-8339.23,-4253.07,-794.789,4593.44,0.0218447,2200.0,1050.0
2300000,1091.6,-1952.74,9332.3,-2435.06,70.4093,-2376.02,-1232.12,-5023.04,396.934,3063.3,1105.12,8.00782,0.0221348,2300.0,1050.0
2400000,987.049,-4758.29,9332.3,-2442.49,63.6655,-2406.54,-4013.39,-5564.84,-4696.64,4589.7,1510.99,-305.343,0.0215991,2400.0,1050.0
2500000,1030.73,-6826.14,9332.3,-2437.78,66.4832,-2411.05,-6963.81,-3582.86,-9931.76,4773.14,518.619,3742.79,0.0225036,2500.0,1050.0
2600000,1026.01,-3579.08,9332.3,-2435.55,66.1784,-2390.22,-1101.74,-1494.58,-8140.93,30.7175,-1039.81,-1384.94,0.0210414,2600.0,1050.0
2700000,1057.41,-3034.0,9332.3,-2433.26,68.2037,-2382.72,398.165,842.663,-10342.8,3958.8,604.825,3708.04,0.0264603,2700.0,1050.0
2800000,1063.98,-2607.87,9332.3,-2437.37,68.6278,-2383.94,2455.52,-3414.47,-6864.67,-1484.34,-1375.24,-2657.05,0.0291586,2800.0,1050.0
2900000,1049.88,-3056.21,9332.3,-2437.33,67.7179,-2387.41,-3819.66,-4501.03,-847.937,3952.77,533.741,2839.35,0.0303458,2900.0,1050.0
3000000,1020.67,-2271.91,9332.3,-2436.53,65.8338,-2383.93,-17.4732,-2853.55,-3944.69,-1121.09,239.005,-961.976,0.0294082,3000.0,1050.0
3100000,1086.78,-4562.67,9332.3,-2437.85,70.0982,-2394.33,-3012.86,-2955.17,-7719.99,-2820.54,3057.11,1117.42,0.0291339,3100.0,1050.0
3200000,963.202,-5531.01,9332.3,-2443.24,62.1273,-2413.33,-4933.87,-2974.37,-8684.81,-552.561,-101.893,-4894.38,0.027943,3200.0,1050.0
3300000,1028.05,-3306.34,9332.3,-2437.33,66.3101,-2390.27,-4758.18,-3158.64,-2002.19,2266.14,-3474.97,-2962.11,0.0275197,3300.0,1050.0
3400000,1062.33,-2388.94,9332.3,-2437.59,68.5212,-2382.98,-3278.27,-4054.75,166.179,1310.29,-1354.15,2342.46,0.0272653,3400.0,1050.0
3500000,1048.34,-3276.86,9332.3,-2434.86,67.619,-2386.32,-5149.3,-8055.87,3374.59,135.226,2435.22,2905.37,0.0267201,3500.0,1050.0
3600000,1085.35,-544.822,9332.3,-2433.57,70.0063,-2366.73,-1482.07,-1991.24,1838.84,-2393.33,1374.12,-2595.25,0.0260899,3600.0,1050.0
3700000,1041.89,-4371.63,9332.3,-2440.21,67.203,-2398.47,-6731.88,860.606,-7243.6,480.305,-1454.79,3668.3,0.0260429,3700.0,1050.0
3800000,1082.97,-4215.01,9332.3,-2438.24,69.8523,-2392.94,-7099.58,-6575.62,1030.17,1875.9,-1224.61,1747.66,0.0265848,3800.0,1050.0
3900000,989.031,-1010.27,9332.3,-2435.0,63.7933,-2377.09,6111.12,-2842.65,-6299.28,5444.8,909.296,3118.35,0.0275991,3900.0,1050.0
4000000,1085.84,-6377.08,9332.3,-2439.78,70.0374,-2406.89,-6765.14,-7790.5,-4575.61,1694.42,-1258.51,2669.8,0.0266085,4000.0,1050.0
4100000,988.518,-3972.48,9332.3,-2436.59,63.7602,-2395.97,39.8451,-7116.22,-4841.07,2112.18,398.186,-1564.38,0.0277606,4100.0,1050.0
4200000,1068.62,-6262.8,9332.3,-2441.24,68.9269,-2408.79,-5116.95,-6330.29,-7341.15,-1970.53,302.503,-645.197,0.0271568,4200.0,1050.0
4300000,1001.43,-5501.68,9332.3,-2434.39,64.593,-2401.84,-9145.05,-6213.38,-1146.6,161.436,-546.303,-338.022,0.0282104,4300.0,1050.0
4400000,1002.44,-206.752,9332.3,-2433.82,64.658,-2370.37,-4011.12,3207.72,183.14,-5123.02,2943.43,-1184.29,0.0290404,4400.0,1050.0
4500000,1038.41,-1149.46,9332.3,-2435.2,66.9781,-2374.92,768.39,-1084.26,-3132.52,178.877,-1350.0,565.145,0.0287644,4500.0,1050.0
4600000,1051.04,-4039.62,9332.3,-2439.45,67.7927,-2395.19,-3772.66,-10153.5,1807.33,2455.6,3469.68,2979.68,0.028375,4600.0,1050.0
4700000,985.23,-5544.64,9332.3,-2438.12,63.5481,-2406.87,293.906,-9418.08,-7509.76,-2639.71,1088.23,-328.44,0.0290571,4700.0,1050.0
4800000,1016.57,-3295.42,9332.3,-2435.64,65.5697,-2389.27,-6648.6,-1802.69,-1434.96,1183.37,-1433.05,-3521.38,0.0283234,4800.0,1050.0
4900000,995.334,-4938.17,9332.3,-2437.17,64.1999,-2401.73,-3411.75,-6764.48,-4638.29,-3161.61,-2214.39,-595.927,0.0280933,4900.0,1050.0
5000000,1035.91,-2854.82,9332.3,-2435.45,66.8168,-2385.26,-4866.1,955.912,-4654.28,-205.453,-55.633,2551.61,0.0276463,5000.0,1050.0
5100000,1061.12,180.43,9332.3,-2432.17,68.4432,-2362.68,914.502,4644.65,-5017.86,1701.04,998.798,-2227.9,0.0273031,5100.0,1050.0
5200000,1024.44,-2809.46,9332.3,-2434.73,66.0775,-2385.02,3628.46,-4924.0,-7132.83,1409.93,-361.544,1818.36,0.0270662,5200.0,1050.0
5300000,1081.18,-1648.93,9332.3,-2435.91,69.7367,-2375.78,5079.34,-4611.36,-5414.76,428.824,2212.1,1214.96,0.0281743,5300.0,1050.0
5400000,1042.15,-1179.94,9332.3,-2435.12,67.2194,-2374.77,1462.53,588.632,-5590.97,-50.1357,-3453.9,-2225.07,0.0272925,5400.0,1050.0
5500000,1024.75,-6005.8,9332.3,-2442.96,66.0971,-2411.85,-5348.21,-7442.43,-5226.77,3530.14,-530.873,-76.5453,0.0273983,5500.0,1050.0
5600000,997.752,-916.012,9332.3,-2435.32,64.3558,-2376.3,-1013.7,-519.624,-1214.71,-3982.05,-1285.29,-1955.02,0.0273433,5600.0,1050.0
5700000,1106.58,-2993.01,9332.3,-2439.47,71.3751,-2385.53,-1959.59,-7977.32,957.891,580.717,-4416.76,1260.5,0.0266135,5700.0,1050.0
5800000,1071.22,-5056.98,9332.3,-2441.57,69.0945,-2401.94,-1578.0,-4995.45,-8597.51,-3487.06,-3751.99,3439.73,0.0263767,5800.0,1050.0
5900000,1045.58,-3756.96,9332.3,-2440.61,67.4404,-2395.05,-4268.72,-148.401,-6853.77,2203.26,2379.14,-1520.42,0.0263522,5900.0,1050.0
6000000,1013.44,-5048.72,9332.3,-2433.99,65.3677,-2398.03,-9268.13,-3802.84,-2075.21,7.92366,-3756.6,-3418.09,0.0259055,6000.0,1050.0
6100000,1062.87,-1685.23,9332.3,-2435.91,68.556,-2377.17,284.267,-5367.31,27.3373,881.37,339.185,-5235.51,0.0256643,6100.0,1050.0
6200000,1036.11,-2903.08,9332.3,-2434.78,66.8298,-2384.86,-1993.24,856.547,-7572.54,848.097,-3454.99,-3372.22,0.0251955,6200.0,1050.0
6300000,1011.01,-4970.04,9332.3,-2440.42,65.211,-2404.16,-4915.47,-2924.64,-7070.01,1363.95,42.7571,935.593,0.0249024,6300.0,1050.0
6400000,986.126,-6056.12,9332.3,-2439.6,63.6059,-2411.27,-7986.32,-6319.67,-3862.38,510.516,275.479,2969.39,0.024862,6400.0,1050.0
6500000,1057.81,-4038.59,9332.3,-2441.24,68.2298,-2396.53,-2728.72,-2607.55,-6779.5,-2990.7,-2810.11,-878.166,0.0248034,6500.0,1050.0
6600000,1112.57,-2052.53,9332.3,-2434.42,71.7617,-2374.62,-795.556,-3677.45,-1684.59,1245.29,1239.12,4559.52,0.0244655,6600.0,1050.0
6700000,1096.18,-2696.56,9332.3,-2437.52,70.7043,-2382.52,-3015.37,-3718.0,-1356.32,-851.437,-1573.04,-314.494,0.0246769,6700.0,1050.0
6800000,1063.37,-2753.68,9332.3,-2435.39,68.5884,-2382.84,-7258.15,-2597.67,1594.77,-2217.03,-2194.91,-1470.08,0.0244602,6800.0,1050.0
6900000,1046.53,-3773.49,9332.3,-2437.51,67.5023,-2391.99,-1706.28,-6410.03,-3204.17,-2077.75,-473.334,-1342.4,0.0248624,6900.0,1050.0
7000000,1079.29,-3941.53,9332.3,-2438.65,69.6153,-2391.99,-5228.58,-5192.01,-1403.99,105.647,1185.42,-2608.64,0.0251887,7000.0,1050.0
7100000,1057.74,-4019.21,9332.3,-2438.39,68.2253,-2393.58,-423.172,-4808.91,-6825.54,1228.12,-829.955,1605.42,0.0252915,7100.0,1050.0
7200000,1036.94,-3470.84,9332.3,-2440.26,66.8834,-2393.59,-5335.06,400.08,-5477.54,1861.38,2939.39,645.608,0.0252041,7200.0,1050.0
7300000,1088.85,-4492.26,9332.3,-2439.99,70.2318,-2395.93,-5198.53,-4282.78,-3995.48,-541.821,185.982,-61.9202,0.0251301,7300.0,1050.0
7400000,1013.57,-7354.2,9332.3,-2440.66,65.3758,-2418.12,-5964.19,-7538.15,-8560.26,-753.052,-3231.97,-300.503,0.0251135,7400.0,1050.0
7500000,1078.9,-4017.62,9332.3,-2435.62,69.5897,-2389.43,-3179.01,-3671.28,-5202.58,-704.94,1295.78,52.6776,0.0253749,7500.0,1050.0
7600000,1068.24,200.569,9332.3,-2432.07,68.9021,-2362.0,2172.34,-2877.97,1307.34,-167.149,-969.82,-2185.69,0.0250938,7600.0,1050.0
7700000,1075.81,-4033.99,9332.3,-2437.96,69.3908,-2392.07,-5434.12,-5298.74,-1369.1,-2268.17,364.632,-5034.07,0.0247187,7700.0,1050.0
7800000,987.229,-3453.23,9332.3,-2434.52,63.6771,-2390.96,-4710.9,-4293.14,-1355.63,-4378.45,-625.268,48.3699,0.0246478,7800.0,1050.0
7900000,1026.88,-1214.46,9332.3,-2433.67,66.2349,-2374.51,2709.05,-4466.07,-1886.37,1592.16,2651.04,3221.36,0.0246125,7900.0,1050.0
8000000,1082.53,-2310.41,9332.3,-2437.45,69.8242,-2381.08,-4119.54,-53.5301,-2758.16,-816.138,-1863.43,-2286.64,0.0249103,8000.0,1050.0
8100000,991.573,-4332.59,9332.3,-2434.76,63.9572,-2396.03,-5077.04,-4758.97,-3161.76,514.58,-993.08,2278.33,0.0248821,8100.0,1050.0
8200000,1017.28,-1633.7,9332.3,-2438.25,65.6151,-2382.15,-3482.26,-4070.58,2651.73,722.329,1865.28,2531.63,0.0247057,8200.0,1050.0
8300000,1001.88,-1543.59,9332.3,-2437.65,64.6223,-2382.02,-2085.04,335.237,-2880.97,1225.08,-4943.61,2568.11,0.0245201,8300.0,1050.0
8400000,980.584,-4977.28,9332.3,-2437.3,63.2485,-2403.04,-7709.89,-4229.28,-2992.69,800.755,1258.7,2342.93,0.0242482,8400.0,1050.0
8500000,1120.3,-2144.33,9332.3,-2440.33,72.26,-2380.56,-5012.43,-5137.4,3716.85,2331.43,-2866.57,1626.86,0.0241291,8500.0,1050.0
8600000,1024.03,-5746.34,9332.3,-2441.7,66.0507,-2409.12,-3664.64,-7356.07,-6218.31,-331.535,1275.31,-1901.05,0.0238227,8600.0,1050.0
8700000,1163.52,-704.391,9332.3,-2435.7,75.0481,-2364.76,4913.46,-4347.29,-2679.34,-1835.75,516.126,-3016.4,0.0238037,8700.0,1050.0
8800000,1059.78,-4264.24,9332.3,-2440.07,68.3567,-2396.55,-5252.6,-3684.46,-3855.67,1414.59,1041.62,3400.16,0.0243603,8800.0,1050.0
8900000,1004.75,-3739.97,9332.3,-2436.05,64.8069,-2393.03,-3772.13,-6926.55,-521.221,-3411.23,-1063.71,-1576.99,0.0238893,8900.0,1050.0
9000000,1027.06,-433.552,9332.3,-2434.61,66.2459,-2370.89,-5143.21,-991.978,4834.53,467.553,-419.901,4035.66,0.0240531,9000.0,1050.0
9100000,1023.43,-3662.65,9332.3,-2435.06,66.0119,-2390.38,1976.04,-5097.07,-7866.91,-286.109,2300.38,3809.69,0.0239253,9100.0,1050.0
9200000,1015.4,-1552.31,9332.3,-2438.57,65.494,-2382.12,-4028.75,-1697.67,1069.49,984.427,-2105.51,6881.96,0.0241045,9200.0,1050.0
9300000,997.224,-6324.78,9332.3,-2441.98,64.3217,-2414.5,-6953.78,-5982.79,-6037.77,-2890.53,2706.71,3686.43,0.0238758,9300.0,1050.0
9400000,1029.38,-1292.82,9332.3,-2430.51,66.3961,-2371.64,-508.866,-4786.59,1416.99,-2172.12,662.692,-4748.11,0.0238343,9400.0,1050.0
9500000,1115.84,-5644.52,9332.3,-2442.23,71.9728,-2403.13,-5221.01,-5699.32,-6013.24,-386.554,7108.23,238.252,0.0240538,9500.0,1050.0
9600000,1053.41,-3435.81,9332.3,-2440.76,67.9456,-2392.83,-3693.85,-7129.93,516.363,776.622,369.955,-4748.05,0.0237623,9600.0,1050.0
9700000,957.857,-4351.33,9332.3,-2439.99,61.7825,-2403.56,-4431.86,-9346.24,724.105,587.336,637.754,941.762,0.0236198,9700.0,1050.0
9800000,1086.59,-3514.13,9332.3,-2438.44,70.0858,-2388.82,-2259.57,-5075.97,-3206.85,-26.6998,-1454.05,-6830.69,0.0239659,9800.0,1050.0
9900000,1066.23,-7287.38,9332.3,-2440.89,68.773,-2414.56,-2405.56,-9353.8,-10102.8,266.969,2370.99,-653.124,0.0237762,9900.0,1050.0
10000000,1085.11,-3350.94,9332.3,-2441.49,69.9903,-2391.02,-2565.74,-6203.43,-1283.65,-2851.12,-3674.85,2579.56,0.0235388,10000.0,1050.0
