TimeStep,temp,pressure,vol,pe,ke,enthalpy,pxx,pyy,pzz,pxy,pxz,pyz,visc,time,hold_temp
0,96.7429,-1583.48,10512.3,-2864.62,6.24,-2868.77,-3425.89,1052.72,-2377.26,-3337.5,-625.935,920.321,0.0157074,0.0,100.0
100000,98.4367,-2202.0,10512.3,-2864.83,6.34925,-2872.92,-3027.22,88.764,-3667.55,-2574.43,-1134.36,717.692,19.8108,100.0,100.0
200000,95.0142,-1905.46,10512.3,-2864.51,6.1285,-2870.88,-3310.78,999.103,-3404.72,-2144.07,-740.313,693.48,19.7152,200.0,100.0
300000,102.762,-1945.88,10512.3,-2864.65,6.62822,-2870.79,-3980.62,671.268,-2528.29,-2427.04,-722.36,872.084,19.7374,300.0,100.0
400000,99.4662,-1900.88,10512.3,-2864.58,6.41565,-2870.64,-2682.04,-517.399,-2503.21,-3014.69,-849.46,217.689,19.7655,400.0,100.0
500000,104.643,-2032.58,10512.3,-2864.65,6.74958,-2871.24,-1812.93,-1473.32,-2811.48,-2116.58,-810.94,1383.8,19.7676,500.0,100.0
600000,96.0092,-1706.71,10512.3,-2864.64,6.19267,-2869.65,-3767.24,12.9108,-1365.79,-2226.07,-1039.78,42.1406,19.7545,600.0,100.0
700000,97.4663,-2315.16,10512.3,-2864.44,6.28665,-2873.35,-3870.77,-440.512,-2634.2,-3506.95,41.3521,188.371,19.7563,700.0,100.0
800000,100.046,-2190.8,10512.3,-2864.76,6.45303,-2872.69,-4236.42,158.7,-2494.7,-2534.3,-826.485,188.825,19.7719,800.0,100.0
900000,98.4548,-2397.67,10512.3,-2865.0,6.35041,-2874.38,-4078.23,-26.9586,-3087.82,-2313.5,-1271.35,304.708,19.7753,900.0,100.0
1000000,99.5547,-1734.92,10512.3,-2864.71,6.42136,-2869.67,-2648.52,1094.59,-3650.83,-2606.26,-878.267,1294.35,19.7809,1000.0,100.0
1100000,101.856,-1568.96,10512.3,-2864.42,6.5698,-2868.14,-2899.89,845.894,-2652.87,-3150.4,-296.932,707.046,19.7658,1100.0,100.0
1200000,101.487,-1669.13,10512.3,-2864.26,6.54601,-2868.66,-3567.39,901.842,-2341.85,-2587.22,-946.665,318.346,19.756,1200.0,100.0
1300000,97.5334,-1918.28,10512.3,-2864.54,6.29098,-2870.83,-3452.75,339.452,-2641.54,-2897.81,-983.18,240.999,19.7467,1300.0,100.0
1400000,100.972,-1641.03,10512.3,-2864.6,6.51275,-2868.86,-3633.42,895.634,-2185.29,-2952.45,-1441.72,1179.45,19.7347,1400.0,100.0
1500000,99.3749,-2188.64,10512.3,-2864.64,6.40976,-2872.59,-3964.07,458.664,-3060.52,-2314.94,-837.435,1253.84,19.7375,1500.0,100.0
1600000,100.707,-1822.13,10512.3,-2864.54,6.49566,-2870.0,-3295.56,610.021,-2780.86,-3350.24,-1174.81,600.699,19.7452,1600.0,100.0
1700000,101.194,-1755.85,10512.3,-2864.41,6.52709,-2869.4,-3877.02,667.111,-2057.64,-2377.47,-1289.38,896.936,19.7445,1700.0,100.0
1800000,96.5918,-1730.79,10512.3,-2864.64,6.23025,-2869.77,-3587.33,779.65,-2384.69,-1775.51,-964.936,507.481,19.7345,1800.0,100.0
1900000,104.249,-2189.46,10512.3,-2864.81,6.72417,-2872.45,-3258.59,763.396,-4073.17,-2769.38,-1163.38,1748.2,19.7328,1900.0,100.0
2000000,99.6174,-1638.38,10512.3,-2864.63,6.4254,-2868.96,-2365.07,368.393,-2918.47,-3254.05,4.80895,357.088,19.7398,2000.0,100.0
2100000,94.0364,-1630.53,10512.3,-2864.67,6.06543,-2869.3,-2809.93,763.35,-2845.0,-2044.89,-1371.45,1150.69,19.7447,2100.0,100.0
2200000,96.6477,-1895.26,10512.3,-2864.35,6.23385,-2870.55,-2069.95,-231.407,-3384.44,-2943.06,-652.388,-260.981,19.7485,2200.0,100.0
2300000,100.462,-2200.59,10512.3,-2864.79,6.47991,-2872.75,-2740.89,-347.101,-3513.77,-2924.61,-1183.85,509.188,19.749,2300.0,100.0
2400000,101.957,-2009.39,10512.3,-2864.87,6.57634,-2871.48,-3699.69,-472.711,-1855.78,-2137.64,-1348.36,671.459,19.7499,2400.0,100.0
2500000,95.1128,-1975.64,10512.3,-2864.61,6.13485,-2871.44,-3585.71,-265.373,-2075.85,-2503.5,-518.603,848.214,19.7502,2500.0,100.0
2600000,98.3554,-2206.83,10512.3,-2864.96,6.344,-2873.1,-3820.46,612.806,-3412.85,-2798.48,-113.777,253.551,19.7502,2600.0,100.0
2700000,102.887,-1501.38,10512.3,-2864.36,6.63629,-2867.58,-3617.97,1790.86,-2677.04,-3300.64,-134.488,-208.447,19.7473,2700.0,100.0
2800000,102.231,-2343.04,10512.3,-2864.41,6.59398,-2873.19,-4022.73,76.5949,-3082.99,-2724.05,-639.503,414.211,19.7473,2800.0,100.0
2900000,105.929,-2047.91,10512.3,-2864.7,6.83251,-2871.31,-3236.32,88.6427,-2996.06,-2035.67,-817.765,624.502,19.7474,2900.0,100.0
3000000,100.7,-1848.68,10512.3,-2864.48,6.49526,-2870.12,-2568.32,17.2297,-2994.95,-2392.08,-582.097,687.965,19.75,3000.0,100.0
3100000,100.159,-1737.61,10512.3,-2864.86,6.46031,-2869.8,-3577.85,752.983,-2387.95,-1924.04,-1066.81,644.22,19.749,3100.0,100.0
3200000,100.403,-1926.53,10512.3,-2864.97,6.4761,-2871.14,-3098.45,71.3204,-2752.46,-2824.59,-981.572,328.033,19.7479,3200.0,100.0
3300000,103.573,-1970.82,10512.3,-2864.66,6.68051,-2870.91,-2784.21,-489.067,-2639.2,-2383.03,-1502.28,1366.02,19.7489,3300.0,100.0
3400000,96.5485,-2424.85,10512.3,-2865.3,6.22745,-2874.98,-3138.66,160.412,-4296.31,-1996.01,-1049.12,1049.21,19.7494,3400.0,100.0
3500000,103.783,-1869.58,10512.3,-2864.74,6.69407,-2870.31,-3742.07,606.861,-2473.52,-1919.38,-825.985,571.66,19.75,3500.0,100.0
3600000,100.52,-1909.71,10512.3,-2864.48,6.48362,-2870.53,-2779.19,-680.004,-2269.95,-2441.38,-1434.13,638.108,19.7479,3600.0,100.0
3700000,100.923,-1894.85,10512.3,-2864.67,6.5096,-2870.59,-3366.31,-57.1588,-2261.09,-1832.32,-1217.74,765.456,19.7503,3700.0,100.0
3800000,98.0646,-2216.43,10512.3,-2864.47,6.32524,-2872.69,-3874.58,91.4496,-2866.17,-3498.6,55.6421,461.306,19.7526,3800.0,100.0
3900000,101.56,-2125.42,10512.3,-2865.19,6.55069,-2872.59,-3618.78,-39.0661,-2718.42,-2755.49,-605.088,776.607,19.7543,3900.0,100.0
4000000,96.1522,-2063.78,10512.3,-2864.89,6.2019,-2872.23,-4209.55,978.763,-2960.54,-1673.94,-127.092,253.961,19.7525,4000.0,100.0
4100000,98.1019,-2015.97,10512.3,-2864.72,6.32765,-2871.62,-5226.99,874.252,-1695.18,-2433.18,-1674.91,-156.526,19.7551,4100.0,100.0
4200000,95.0283,-2082.65,10512.3,-2864.41,6.1294,-2871.94,-3101.04,-530.42,-2616.47,-3257.6,-1955.63,-102.288,19.7598,4200.0,100.0
4300000,98.3971,-1714.38,10512.3,-2864.63,6.34669,-2869.53,-3007.4,-46.5789,-2089.16,-2601.59,-1151.09,250.648,19.7648,4300.0,100.0
4400000,105.889,-2202.69,10512.3,-2864.41,6.82995,-2872.03,-3807.49,494.317,-3294.9,-2798.38,-1483.28,1059.9,19.767,4400.0,100.0
4500000,107.866,-2046.81,10512.3,-2864.07,6.95746,-2870.54,-3569.25,70.9539,-2642.15,-2524.24,-804.975,-91.4483,19.7689,4500.0,100.0
4600000,97.5509,-2037.37,10512.3,-2865.04,6.29212,-2872.12,-3510.51,432.807,-3034.41,-3498.62,-1248.52,372.8,19.7719,4600.0,100.0
4700000,92.2855,-2197.45,10512.3,-2864.84,5.95249,-2873.31,-3463.55,-32.6726,-3096.14,-2284.59,-295.473,949.707,19.7718,4700.0,100.0
4800000,98.8002,-1873.87,10512.3,-2864.82,6.37269,-2870.74,-3937.64,1017.5,-2701.46,-2888.83,-1034.87,167.358,19.7699,4800.0,100.0
4900000,105.672,-2054.88,10512.3,-2864.48,6.8159,-2871.15,-2491.15,109.559,-3783.07,-2331.95,-1226.51,880.568,19.7683,4900.0,100.0
5000000,103.99,-2466.66,10512.3,-2864.7,6.70747,-2874.18,-4336.79,1265.65,-4328.83,-1962.09,-1092.54,526.291,19.768,5000.0,100.0
5100000,100.934,-1762.34,10512.3,-2864.51,6.51032,-2869.56,-3818.52,1448.32,-2916.82,-3181.85,-528.383,780.043,19.7681,5100.0,100.0
5200000,101.021,-1966.28,10512.3,-2864.79,6.51595,-2871.18,-3787.78,1156.0,-3267.06,-2762.73,-1095.16,93.0169,19.7702,5200.0,100.0
5300000,100.312,-1765.73,10512.3,-2864.54,6.47022,-2869.65,-2588.74,488.762,-3197.23,-2480.93,-681.184,947.538,19.7684,5300.0,100.0
5400000,98.2588,-1692.44,10512.3,-2864.85,6.33777,-2869.61,-2682.72,589.292,-2983.89,-2441.77,-1067.14,1020.41,19.7647,5400.0,100.0
5500000,91.8747,-2153.7,10512.3,-2864.88,5.926,-2873.09,-2851.13,-705.828,-2904.14,-2745.41,-469.983,1312.83,19.7608,5500.0,100.0
5600000,100.586,-1814.32,10512.3,-2864.28,6.4879,-2869.69,-4294.86,950.46,-2098.57,-2337.25,-961.296,662.29,19.7594,5600.0,100.0
5700000,100.543,-1548.47,10512.3,-2864.61,6.48514,-2868.28,-3005.93,694.606,-2334.1,-2442.69,-1677.49,-107.517,19.7598,5700.0,100.0
5800000,93.2356,-2161.71,10512.3,-2864.81,6.01377,-2872.98,-4584.03,115.742,-2016.86,-1821.61,-1299.5,403.168,19.7612,5800.0,100.0
5900000,107.106,-1738.18,10512.3,-2864.74,6.90839,-2869.24,-3965.02,1168.1,-2417.62,-2410.99,-1470.87,155.873,19.7618,5900.0,100.0
6000000,106.304,-1640.38,10512.3,-2864.68,6.85672,-2868.59,-2211.03,943.134,-3653.26,-2903.01,-907.252,728.47,19.761,6000.0,100.0
6100000,99.0168,-1898.14,10512.3,-2864.85,6.38667,-2870.92,-2857.37,486.793,-3323.83,-2444.21,-15.0044,867.316,19.7602,6100.0,100.0
6200000,99.5096,-1743.89,10512.3,-2864.88,6.41845,-2869.9,-3350.08,1645.28,-3526.87,-2957.01,-1193.24,405.387,19.7625,6200.0,100.0
6300000,103.484,-1773.63,10512.3,-2864.43,6.6748,-2869.39,-3017.1,763.188,-3066.97,-2873.2,-258.885,481.053,19.764,6300.0,100.0
6400000,97.5829,-1803.69,10512.3,-2864.8,6.29418,-2870.34,-2832.7,-1007.48,-1570.88,-2161.83,-1531.99,808.708,19.7647,6400.0,100.0
6500000,95.4425,-1604.47,10512.3,-2864.64,6.15612,-2869.01,-2919.92,775.12,-2668.62,-2687.03,-893.91,230.881,19.7623,6500.0,100.0
6600000,103.043,-1798.98,10512.3,-2864.75,6.64637,-2869.91,-3707.12,734.913,-2424.73,-2846.81,-671.809,69.5477,19.7593,6600.0,100.0
6700000,102.519,-1763.06,10512.3,-2864.68,6.61255,-2869.64,-3655.43,781.328,-2415.07,-2877.07,-1679.74,1088.93,19.7585,6700.0,100.0
6800000,100.693,-1677.72,10512.3,-2864.68,6.4948,-2869.19,-3371.84,690.34,-2351.68,-1923.52,-1386.64,-136.824,19.7566,6800.0,100.0
6900000,100.177,-1779.44,10512.3,-2864.48,6.46148,-2869.7,-3608.66,-35.0564,-1694.61,-2465.99,-1309.54,611.515,19.754,6900.0,100.0
7000000,99.3297,-1953.63,10512.3,-2864.66,6.40685,-2871.07,-4029.42,1405.65,-3237.13,-3309.34,-1315.99,726.653,19.7526,7000.0,100.0
7100000,100.135,-2029.56,10512.3,-2864.55,6.45878,-2871.41,-3894.69,934.201,-3128.19,-2895.22,-846.646,820.864,19.7554,7100.0,100.0
7200000,93.5956,-2454.91,10512.3,-2864.78,6.03699,-2874.85,-4544.31,-393.648,-2426.77,-2043.33,-1340.77,233.024,19.7571,7200.0,100.0
7300000,98.0268,-2069.89,10512.3,-2864.71,6.32281,-2871.97,-3813.79,304.007,-2699.9,-2350.68,-1143.0,929.035,19.7583,7300.0,100.0
7400000,101.939,-1809.35,10512.3,-2864.28,6.57515,-2869.58,-3882.88,1282.88,-2828.05,-2912.86,-1292.43,1154.21,19.7614,7400.0,100.0
7500000,100.387,-1926.92,10512.3,-2865.21,6.47506,-2871.38,-3304.77,-378.515,-2097.48,-2846.56,-1006.51,542.591,19.7613,7500.0,100.0
7600000,97.9688,-2007.49,10512.3,-2864.51,6.31907,-2871.36,-3547.3,-48.0616,-2427.1,-1776.9,-736.096,595.675,19.7586,7600.0,100.0
7700000,102.986,-1523.18,10512.3,-2864.54,6.64271,-2867.89,-2827.28,329.469,-2071.74,-2211.86,-846.347,1195.06,19.7587,7700.0,100.0
7800000,101.879,-2294.03,10512.3,-2864.57,6.5713,-2873.05,-3123.63,176.101,-3934.56,-2420.68,-965.989,874.376,19.7562,7800.0,100.0
7900000,101.593,-1995.18,10512.3,-2864.6,6.5528,-2871.14,-4012.19,459.887,-2433.25,-3557.57,-626.745,1029.95,19.7538,7900.0,100.0
8000000,102.522,-2066.85,10512.3,-2864.3,6.61274,-2871.25,-2822.16,816.074,-4194.45,-2689.86,-1677.53,172.096,19.7534,8000.0,100.0
8100000,104.408,-2106.34,10512.3,-2864.6,6.73443,-2871.69,-3174.46,-187.926,-2956.64,-2008.95,-1136.69,1133.35,19.752,8100.0,100.0
8200000,105.708,-1879.86,10512.3,-2864.95,6.81826,-2870.47,-3641.95,381.718,-2379.36,-1364.73,-924.74,513.968,19.7535,8200.0,100.0
8300000,101.029,-2004.63,10512.3,-2864.51,6.51645,-2871.15,-3457.34,355.696,-2912.23,-2810.38,-1540.36,802.313,19.7519,8300.0,100.0
8400000,106.203,-2181.86,10512.3,-2864.64,6.85019,-2872.1,-3858.62,436.851,-3123.81,-2529.32,-841.386,710.7,19.7507,8400.0,100.0
8500000,103.207,-2119.07,10512.3,-2864.53,6.65693,-2871.78,-4163.58,620.415,-2814.03,-3474.09,-1047.83,94.5032,19.7519,8500.0,100.0
8600000,101.584,-2321.03,10512.3,-2864.95,6.55222,-2873.63,-3710.86,-733.694,-2518.55,-2731.05,-962.125,189.815,19.7519,8600.0,100.0
8700000,96.2982,-1830.64,10512.3,-2864.69,6.21131,-2870.49,-2638.47,669.273,-3522.73,-2512.88,-594.596,224.809,19.7519,8700.0,100.0
8800000,105.803,-1749.26,10512.3,-2864.77,6.82441,-2869.42,-3189.23,413.788,-2472.33,-2431.23,-632.323,-300.197,19.7535,8800.0,100.0
8900000,99.2789,-1896.83,10512.3,-2864.69,6.40357,-2870.73,-2777.6,542.392,-3455.26,-2374.03,-992.593,654.762,19.7552,8900.0,100.0
9000000,98.1651,-1875.85,10512.3,-2864.46,6.33173,-2870.44,-2979.33,283.457,-2931.68,-2281.23,-695.006,666.982,19.7545,9000.0,100.0
9100000,102.071,-1996.06,10512.3,-2864.56,6.58367,-2871.08,-3312.97,272.209,-2947.42,-2654.68,-1202.16,-315.211,19.7549,9100.0,100.0
9200000,104.03,-1965.69,10512.3,-2864.8,6.71003,-2870.98,-3313.92,32.8152,-2615.97,-2600.63,166.293,680.161,19.7539,9200.0,100.0
9300000,100.265,-2209.81,10512.3,-2864.62,6.46718,-2872.65,-3566.86,701.297,-3763.87,-2775.15,-166.129,292.097,19.7512,9300.0,100.0
9400000,95.1951,-1952.47,10512.3,-2864.96,6.14016,-2871.63,-3360.93,274.679,-2771.15,-2432.88,-1394.55,1391.06,19.7499,9400.0,100.0
9500000,102.075,-1779.81,10512.3,-2864.61,6.58389,-2869.7,-4021.05,1364.03,-2682.4,-3219.29,-549.995,1050.62,19.7512,9500.0,100.0
9600000,103.665,-1576.75,10512.3,-2864.75,6.68646,-2868.41,-2674.85,1377.97,-3433.39,-2106.43,-1334.51,1001.04,19.7525,9600.0,100.0
9700000,98.8249,-1895.39,10512.3,-2864.59,6.37429,-2870.65,-3678.99,-302.832,-1704.36,-2135.56,-1339.8,814.732,19.7529,9700.0,100.0
9800000,97.1581,-1619.14,10512.3,-2864.95,6.26678,-2869.31,-3270.21,856.851,-2444.07,-2754.1,-522.363,518.655,19.7533,9800.0,100.0
9900000,95.0287,-2274.21,10512.3,-2864.59,6.12943,-2873.38,-3027.04,-520.015,-3275.57,-2076.83,-1248.92,-219.176,19.7527,9900.0,100.0
10000000,95.5041,-2118.33,10512.3,-2864.61,6.16009,-2872.35,-3745.69,551.381,-3160.69,-2578.57,-606.421,604.3,19.753,10000.0,100.0
