TimeStep,temp,pressure,vol,pe,ke,enthalpy,pxx,pyy,pzz,pxy,pxz,pyz,visc,time,hold_temp
0,1549.91,-389.356,9650.45,-2369.38,99.9708,-2271.76,-4125.0,1899.71,1057.22,3440.03,-5138.05,2662.7,0.00330001,0.0,1600.0
100000,1596.16,-2961.62,9650.45,-2369.02,102.953,-2283.91,-5864.95,-2310.13,-709.767,2226.89,-3471.22,791.846,-0.00850763,100.0,1600.0
200000,1580.43,1060.73,9650.45,-2361.32,101.939,-2252.99,3719.61,-4972.3,4434.89,-1314.45,-3334.3,-3892.45,0.00733638,200.0,1600.0
300000,1713.54,-1650.42,9650.45,-2370.23,110.525,-2269.64,-4328.5,1225.86,-1848.63,-1348.46,-2657.7,336.83,0.00850334,300.0,1600.0
400000,1642.82,-3307.34,9650.45,-2370.08,105.963,-2284.04,4484.15,-1923.14,-12483.0,2236.78,2882.67,-1595.28,0.00580963,400.0,1600.0
500000,1689.54,-352.561,9650.45,-2368.69,108.977,-2261.83,-1717.57,-1810.33,2470.22,-4920.14,-1552.66,791.977,0.00723586,500.0,1600.0
600000,1621.31,-3525.48,9650.45,-2374.5,104.576,-2291.16,-1736.83,-5273.56,-3566.04,338.736,848.722,-2434.11,0.0067742,600.0,1600.0
700000,1628.25,-1683.36,9650.45,-2367.57,105.024,-2272.68,-4994.45,1087.02,-1142.65,-7394.1,1841.34,2188.27,0.00632993,700.0,1600.0
800000,1646.28,-1856.55,9650.45,-2370.99,106.187,-2275.99,-2552.06,2689.53,-5707.11,-80.1003,-750.383,-565.204,0.00529481,800.0,1600.0
900000,1706.46,-1386.59,9650.45,-2369.43,110.068,-2267.71,301.312,-5372.52,911.439,326.197,565.568,617.545,0.00474143,900.0,1600.0
1000000,1657.08,-5097.0,9650.45,-2371.58,106.883,-2295.4,-7225.97,-2432.57,-5632.45,-40.0205,4370.45,4173.09,0.00485289,1000.0,1600.0
1100000,1664.98,2959.76,9650.45,-2364.22,107.393,-2239.0,359.935,5914.84,2604.49,2244.63,5344.05,217.6,0.0050225,1100.0,1600.0
1200000,1531.03,-787.873,9650.45,-2369.21,98.7527,-2275.2,-2696.14,213.5,119.023,-341.941,-1335.99,239.611,0.00445716,1200.0,1600.0
1300000,1615.2,-2564.47,9650.45,-2373.05,104.182,-2284.32,-3767.84,-3678.43,-247.143,-495.397,165.339,3705.17,0.00393594,1300.0,1600.0
1400000,1573.67,-6134.01,9650.45,-2375.78,101.503,-2311.23,-8532.75,-5480.88,-4388.41,14.0116,-3686.22,1261.06,0.0038856,1400.0,1600.0
1500000,1635.16,-5879.4,9650.45,-2371.64,105.469,-2301.59,-1422.1,-8449.35,-7766.74,-723.384,-232.472,2154.16,0.00377422,1500.0,1600.0
1600000,1625.48,264.42,9650.45,-2367.3,104.845,-2260.87,-427.614,-96.2217,1317.1,-27.6213,-3819.06,-1137.68,0.00344744,1600.0,1600.0
1700000,1612.04,2149.9,9650.45,-2358.83,103.978,-2241.9,-2839.02,4019.19,5269.54,122.645,-4106.49,-2963.3,0.00402791,1700.0,1600.0
1800000,1656.51,-1072.28,9650.45,-2372.72,106.846,-2272.33,2839.45,1185.15,-7241.44,402.544,923.655,255.336,0.0038483,1800.0,1600.0
1900000,1498.43,-4345.0,9650.45,-2369.45,96.6503,-2298.97,-9324.69,-1296.35,-2413.96,-2740.51,3142.81,-2815.71,0.00374262,1900.0,1600.0
2000000,1522.36,-1193.41,9650.45,-2366.61,98.1935,-2275.61,-1596.55,1616.9,-3600.59,-942.81,360.492,2072.23,0.00397159,2000.0,1600.0
2100000,1676.89,-510.712,9650.45,-2364.61,108.161,-2259.52,1199.53,-5253.84,2522.17,-693.858,-2106.55,-1723.02,0.00422995,2100.0,1600.0
2200000,1600.54,-2124.64,9650.45,-2366.05,103.236,-2275.61,-5022.41,-995.395,-356.111,-1377.02,27.3652,-838.234,0.00441269,2200.0,1600.0
2300000,1633.67,1926.34,9650.45,-2363.5,105.373,-2246.52,-887.638,8352.41,-1685.75,-287.233,3900.15,-342.882,0.00466068,2300.0,1600.0
2400000,1605.2,-1858.95,9650.45,-2369.99,103.537,-2277.65,-410.963,-2758.68,-2407.2,-1265.02,3587.69,1212.8,0.00452701,2400.0,1600.0
2500000,1485.58,-1907.59,9650.45,-2365.78,95.8214,-2281.45,-2397.63,1028.02,-4353.17,-3587.89,4754.74,-1041.73,0.00433414,2500.0,1600.0
2600000,1643.35,-4063.67,9650.45,-2374.07,105.997,-2292.55,-5379.3,-556.112,-6255.58,-3057.61,-2931.88,-1628.06,0.00424164,2600.0,1600.0
2700000,1546.23,-5988.45,9650.45,-2376.24,99.7332,-2312.58,-7150.15,-3008.72,-7806.48,432.841,-2131.13,-3770.45,0.0041563,2700.0,1600.0
2800000,1735.32,-589.002,9650.45,-2367.25,111.93,-2258.87,-6607.37,1918.75,2921.61,-820.9,724.998,2227.65,0.0042447,2800.0,1600.0
2900000,1553.51,-3987.16,9650.45,-2364.57,100.203,-2288.38,-3253.58,-5390.52,-3317.38,-2384.55,723.428,-139.877,0.00408542,2900.0,1600.0
3000000,1626.49,-2762.52,9650.45,-2374.59,104.91,-2286.32,2536.09,-4125.02,-6698.64,3121.49,-1454.24,-2584.14,0.00402271,3000.0,1600.0
3100000,1622.55,-2844.92,9650.45,-2366.74,104.656,-2279.22,-4187.04,-4808.74,461.007,2047.35,3975.06,-2934.85,0.00416513,3100.0,1600.0
3200000,1551.38,907.155,9650.45,-2365.38,100.066,-2259.85,606.931,2439.65,-325.121,-1792.7,-2588.9,-319.477,0.0042625,3200.0,1600.0
3300000,1542.53,1192.15,9650.45,-2361.93,99.4942,-2255.26,-3689.59,6139.17,1126.88,-4826.84,-4169.05,3890.79,0.00426436,3300.0,1600.0
3400000,1700.47,114.919,9650.45,-2362.47,109.681,-2252.09,6022.45,-7715.39,2037.69,2039.75,2283.46,-1295.43,0.00430859,3400.0,1600.0
3500000,1574.7,1686.93,9650.45,-2367.76,101.569,-2256.03,2408.48,267.687,2384.62,2582.4,-184.228,-3233.83,0.00438215,3500.0,1600.0
3600000,1571.22,-2910.7,9650.45,-2373.99,101.345,-2290.17,-2464.99,-5841.11,-425.991,270.548,3944.15,5144.69,0.00439919,3600.0,1600.0
3700000,1564.85,5129.09,9650.45,-2362.27,100.934,-2230.44,6497.43,8638.24,251.61,-564.196,-363.73,-1907.28,0.00444925,3700.0,1600.0
3800000,1610.5,-4905.12,9650.45,-2373.52,103.879,-2299.18,-1368.37,-9484.61,-3862.37,3025.54,-802.221,3317.42,0.00440688,3800.0,1600.0
3900000,1587.5,3550.68,9650.45,-2362.67,102.395,-2238.89,3781.22,4550.0,2320.82,-2376.94,875.62,-757.946,0.00433852,3900.0,1600.0
4000000,1562.39,287.563,9650.45,-2361.33,100.776,-2258.82,-3684.24,928.596,3618.34,-4726.21,-1525.39,-4492.1,0.00423346,4000.0,1600.0
4100000,1619.09,513.243,9650.45,-2363.32,104.433,-2255.8,3892.18,-998.311,-1354.14,-1661.85,548.243,4267.95,0.00422748,4100.0,1600.0
4200000,1631.1,-2833.68,9650.45,-2375.06,105.207,-2286.92,-3923.47,-2763.25,-1814.32,-23.0169,1691.72,3831.02,0.00421903,4200.0,1600.0
4300000,1528.16,-86.5666,9650.45,-2367.72,98.5674,-2269.68,1488.32,1121.94,-2869.97,-5568.65,342.336,-1233.54,0.004369,4300.0,1600.0
4400000,1572.05,-1558.31,9650.45,-2367.81,101.398,-2275.8,-4660.0,-2130.23,2115.28,4275.27,-1077.92,-2594.39,0.00441995,4400.0,1600.0
4500000,1613.23,-1386.04,9650.45,-2367.86,104.055,-2272.15,3126.81,-11748.4,4463.51,-67.5517,-6723.78,2883.74,0.00455547,4500.0,1600.0
4600000,1605.89,-1559.84,9650.45,-2367.01,103.581,-2272.82,-933.389,-2805.65,-940.487,7023.33,-3198.93,1577.37,0.00444421,4600.0,1600.0
4700000,1594.47,173.12,9650.45,-2368.05,102.844,-2264.16,1426.51,2451.45,-3358.6,1358.8,5491.7,-2058.13,0.00451745,4700.0,1600.0
4800000,1555.55,-3923.42,9650.45,-2371.67,100.334,-2294.96,-2846.99,-3103.18,-5820.1,3358.01,375.429,-2049.86,0.00453401,4800.0,1600.0
4900000,1686.9,-949.734,9650.45,-2360.62,108.806,-2257.54,-2958.56,-651.589,760.951,3286.76,-1257.47,-188.117,0.00440281,4900.0,1600.0
5000000,1564.26,-2343.42,9650.45,-2364.49,100.896,-2277.71,-6566.36,-1857.6,1393.7,1419.74,4184.26,-2298.23,0.00428718,5000.0,1600.0
5100000,1649.6,-1910.04,9650.45,-2370.46,106.4,-2275.56,642.39,-755.364,-5617.15,2924.78,-1936.46,-78.4878,0.00430042,5100.0,1600.0
5200000,1612.07,-6787.74,9650.45,-2376.08,103.98,-2312.98,-9246.46,-6850.81,-4265.95,-559.049,-894.745,-1698.08,0.00426253,5200.0,1600.0
5300000,1625.69,-1797.08,9650.45,-2367.11,104.858,-2273.07,-5829.2,-1513.3,1951.24,-3009.64,1035.15,1898.96,0.00429868,5300.0,1600.0
5400000,1577.75,-6551.64,9650.45,-2378.98,101.766,-2316.67,-6450.29,-8391.89,-4812.74,662.869,593.709,-3522.65,0.00433253,5400.0,1600.0
5500000,1553.01,-3020.62,9650.45,-2366.59,100.17,-2284.62,204.284,-5172.49,-4093.65,-1191.33,-1882.67,1254.72,0.00428435,5500.0,1600.0
5600000,1517.63,1172.25,9650.45,-2362.9,97.8882,-2257.95,-1454.28,2362.81,2608.23,769.874,-406.269,-5119.38,0.00424905,5600.0,1600.0
5700000,1520.77,-3135.8,9650.45,-2373.2,98.0912,-2294.0,-6702.02,4224.13,-6929.51,-1462.91,-759.425,993.626,0.00419669,5700.0,1600.0
5800000,1588.05,-3824.03,9650.45,-2367.32,102.43,-2287.92,-5982.39,-1782.67,-3707.02,2997.12,-2455.42,2665.13,0.00421477,5800.0,1600.0
5900000,1550.34,-4015.42,9650.45,-2367.66,99.9984,-2291.84,-4427.03,-3183.42,-4435.81,1036.45,2398.6,171.995,0.00414942,5900.0,1600.0
6000000,1642.35,239.044,9650.45,-2368.9,105.933,-2261.53,-2178.11,-2841.39,5736.62,-3861.26,-930.9,949.851,0.0042355,6000.0,1600.0
6100000,1607.96,-2369.41,9650.45,-2372.62,103.715,-2283.18,1139.48,-7405.43,-842.288,4296.44,-385.134,-4242.31,0.00426208,6100.0,1600.0
6200000,1626.12,1545.82,9650.45,-2361.98,104.886,-2247.79,4116.53,2815.09,-2294.16,-384.203,-774.541,1618.88,0.00420611,6200.0,1600.0
6300000,1625.51,814.764,9650.45,-2362.99,104.847,-2253.23,2680.93,-1597.71,1361.07,-3561.63,3124.53,-756.106,0.00421074,6300.0,1600.0
6400000,1624.14,-3568.28,9650.45,-2369.59,104.758,-2286.32,-4476.49,-4180.23,-2048.13,-5334.79,982.378,3243.86,0.00420503,6400.0,1600.0
6500000,1515.35,-8891.13,9650.45,-2379.38,97.7416,-2335.19,-6626.12,-13974.9,-6072.34,-999.481,-1156.35,1673.59,0.00412285,6500.0,1600.0
6600000,1551.03,-904.154,9650.45,-2362.65,100.043,-2268.06,1167.01,-1293.29,-2586.18,-1136.91,-5727.52,1498.75,0.00408713,6600.0,1600.0
6700000,1627.99,-1323.4,9650.45,-2369.71,105.006,-2272.67,-5626.85,-375.234,2031.89,-1433.25,-1608.65,-1260.74,0.00406143,6700.0,1600.0
6800000,1525.0,-3865.55,9650.45,-2367.21,98.3638,-2292.13,-3923.81,-5860.13,-1812.72,7066.56,77.8213,1988.17,0.00400259,6800.0,1600.0
6900000,1522.71,-2164.49,9650.45,-2376.41,98.2161,-2291.23,1423.05,-1303.08,-6613.44,152.422,7468.01,1986.59,0.00396585,6900.0,1600.0
7000000,1608.99,-2354.3,9650.45,-2371.73,103.781,-2282.13,-7040.56,2376.32,-2398.66,-2497.8,-485.639,-6719.81,0.00394356,7000.0,1600.0
7100000,1551.53,-2944.57,9650.45,-2366.56,100.075,-2284.22,-2558.19,-78.9795,-6196.55,-3604.63,-3942.96,-1255.16,0.00382548,7100.0,1600.0
7200000,1636.29,-1511.03,9650.45,-2369.68,105.542,-2273.24,-4075.94,3587.91,-4045.05,-227.103,5324.18,2942.77,0.00379553,7200.0,1600.0
7300000,1496.28,-1229.44,9650.45,-2367.66,96.5112,-2278.56,-5265.52,1668.68,-91.4869,1797.76,-683.033,-4384.19,0.00381114,7300.0,1600.0
7400000,1675.77,-2406.87,9650.45,-2365.77,108.088,-2272.17,-218.394,-3734.21,-3267.99,-2824.63,2731.58,-5470.82,0.00372114,7400.0,1600.0
7500000,1634.87,236.118,9650.45,-2363.21,105.45,-2256.33,-5119.13,193.196,5634.29,-593.38,624.681,-371.242,0.0037616,7500.0,1600.0
7600000,1510.06,-493.086,9650.45,-2362.77,97.3999,-2268.34,-2972.21,4419.77,-2926.81,-4648.85,464.289,1165.67,0.00375793,7600.0,1600.0
7700000,1595.15,-5740.69,9650.45,-2375.4,102.888,-2307.09,-7503.29,-5799.85,-3918.93,1844.04,-1741.47,24.821,0.00373055,7700.0,1600.0
7800000,1645.42,-1774.56,9650.45,-2370.93,106.131,-2275.49,-2348.03,-4181.54,1205.89,-2575.83,-2194.65,2181.66,0.00371528,7800.0,1600.0
7900000,1610.29,-3735.54,9650.45,-2372.01,103.865,-2290.64,-5751.19,-594.404,-4861.01,-125.761,3660.52,1294.99,0.00370856,7900.0,1600.0
8000000,1621.93,-3696.24,9650.45,-2369.82,104.616,-2287.47,-803.459,-4761.13,-5524.12,2199.28,-823.702,1096.34,0.00371,8000.0,1600.0
8100000,1746.35,407.542,9650.45,-2370.74,112.641,-2255.64,4602.4,-3155.12,-224.65,2418.6,1769.79,3954.1,0.00380671,8100.0,1600.0
8200000,1594.16,-5733.54,9650.45,-2372.6,102.825,-2304.31,-3161.47,-6670.14,-7369.0,3870.55,1411.53,476.677,0.00385229,8200.0,1600.0
8300000,1686.07,-4325.2,9650.45,-2374.81,108.753,-2292.11,-5901.05,-1828.7,-5245.86,-2456.42,-2574.21,-1616.13,0.00380118,8300.0,1600.0
8400000,1633.15,735.986,9650.45,-2367.93,105.339,-2258.16,-2000.79,3870.49,338.252,380.6,-4292.52,-6203.06,0.00384312,8400.0,1600.0
8500000,1668.2,-822.434,9650.45,-2369.87,107.6,-2267.22,-412.064,-2938.71,883.472,-927.475,-900.426,-2158.45,0.00380583,8500.0,1600.0
8600000,1597.87,-2493.08,9650.45,-2372.0,103.064,-2283.95,-5410.13,-2701.59,632.487,79.5614,1281.19,-4532.17,0.00394168,8600.0,1600.0
8700000,1552.3,-698.217,9650.45,-2370.42,100.124,-2274.5,-2709.61,3525.45,-2910.49,747.277,4082.81,-3800.72,0.00403472,8700.0,1600.0
8800000,1583.06,-3983.53,9650.45,-2374.19,102.109,-2296.07,-4409.44,-5067.26,-2473.9,4025.11,-1660.45,2037.29,0.00403414,8800.0,1600.0
8900000,1671.41,-3201.83,9650.45,-2375.37,107.808,-2286.85,-6922.14,-382.464,-2300.88,979.303,-504.222,-3493.9,0.00403382,8900.0,1600.0
9000000,1670.12,-335.903,9650.45,-2365.0,107.724,-2259.3,-5307.58,4317.64,-17.7747,-1205.16,3432.11,-4135.65,0.00409142,9000.0,1600.0
9100000,1580.1,1124.59,9650.45,-2362.54,101.918,-2253.84,1928.47,2475.27,-1029.96,-932.657,1380.97,-5130.9,0.00402826,9100.0,1600.0
9200000,1668.16,-1865.29,9650.45,-2365.74,107.598,-2269.38,-2956.93,-2751.94,113.003,-1577.87,-619.746,1746.52,0.00401563,9200.0,1600.0
9300000,1582.04,-1518.55,9650.45,-2367.69,102.043,-2274.79,1644.14,-4963.02,-1236.77,-399.979,-2178.64,141.666,0.00406515,9300.0,1600.0
9400000,1644.65,764.563,9650.45,-2368.88,106.081,-2258.19,7761.13,-3292.05,-2175.39,1675.49,3275.31,3871.19,0.00401532,9400.0,1600.0
9500000,1501.37,-3998.37,9650.45,-2364.64,96.8393,-2291.88,917.543,-4853.11,-8059.55,1581.98,1727.56,4715.39,0.00400054,9500.0,1600.0
9600000,1596.12,-5480.75,9650.45,-2372.14,102.951,-2302.21,-7795.09,-6020.71,-2626.44,-1440.93,3381.83,973.323,0.00399284,9600.0,1600.0
9700000,1587.19,3430.53,9650.45,-2361.17,102.375,-2238.13,7273.22,2344.16,674.213,-186.855,3178.6,-1488.97,0.00397126,9700.0,1600.0
9800000,1634.41,-2956.32,9650.45,-2367.7,105.421,-2280.08,-2772.02,-2385.85,-3711.09,1422.39,-1308.31,-3061.12,0.00393697,9800.0,1600.0
9900000,1599.64,-1710.23,9650.45,-2366.02,103.178,-2273.15,-3371.72,-738.585,-1020.39,237.115,-1157.82,2460.29,0.00392082,9900.0,1600.0
10000000,1577.37,-3264.99,9650.45,-2372.85,101.741,-2290.78,118.879,-7498.75,-2415.1,462.158,3562.56,-4143.28,0.00396766,10000.0,1600.0
