TimeStep,temp,pressure,vol,pe,ke,enthalpy,pxx,pyy,pzz,pxy,pxz,pyz,visc,time,hold_temp
0,149.748,4659.6,5514.88,-2279.84,9.65888,-2254.14,331.579,1376.6,12270.6,1357.78,1148.56,2227.84,0.00360653,0.0,150.0
100000,150.372,2270.97,5514.88,-2279.78,9.69909,-2262.26,-757.065,310.469,7259.52,463.321,2809.39,2355.25,6.61734,100.0,150.0
200000,155.557,3382.46,5514.88,-2280.34,10.0335,-2258.66,-708.803,2239.66,8616.53,1558.04,1655.98,885.741,6.30887,200.0,150.0
300000,142.187,4173.99,5514.88,-2279.25,9.17115,-2255.71,197.27,1170.27,11154.4,-922.086,3003.6,1836.87,6.05736,300.0,150.0
400000,151.037,5028.87,5514.88,-2279.37,9.74204,-2252.32,-3410.71,6518.16,11979.2,716.136,475.052,1090.33,5.94471,400.0,150.0
500000,147.338,1587.61,5514.88,-2280.5,9.50343,-2265.54,-1400.64,-108.214,6271.68,-500.345,1953.22,2091.53,5.88432,500.0,150.0
600000,140.134,3637.46,5514.88,-2280.08,9.03878,-2258.52,-1889.85,3602.17,9200.07,1305.97,-451.401,2683.61,5.86952,600.0,150.0
700000,157.379,3212.07,5514.88,-2280.0,10.151,-2258.79,-210.658,1209.77,8637.1,1027.22,1076.7,55.1766,5.72357,700.0,150.0
800000,154.846,3651.97,5514.88,-2279.32,9.98768,-2256.77,-2397.7,4129.19,9224.43,320.873,-413.625,370.143,5.5795,800.0,150.0
900000,141.422,2405.63,5514.88,-2279.44,9.12184,-2262.04,-2178.67,217.188,9178.39,166.945,4542.88,2027.01,5.40516,900.0,150.0
1000000,144.544,1973.58,5514.88,-2280.44,9.32321,-2264.33,-646.96,-1268.23,7835.93,798.425,3058.25,1419.55,5.47843,1000.0,150.0
1100000,146.175,4431.15,5514.88,-2279.21,9.42841,-2254.53,2210.07,2091.11,8992.29,-991.406,2864.72,-581.076,5.46384,1100.0,150.0
1200000,144.596,5071.74,5514.88,-2279.93,9.32656,-2253.15,905.456,2913.39,11396.4,198.452,2399.96,2110.47,5.4967,1200.0,150.0
1300000,137.795,3779.51,5514.88,-2279.71,8.88789,-2257.81,-1022.43,2995.25,9365.7,1636.67,1132.21,-194.444,5.47968,1300.0,150.0
1400000,148.153,2860.29,5514.88,-2280.08,9.55598,-2260.68,-4220.79,4256.66,8545.01,400.696,1661.76,2102.12,5.48808,1400.0,150.0
1500000,157.55,4673.22,5514.88,-2278.96,10.1621,-2252.71,-779.86,3911.95,10887.6,-218.152,2393.1,1010.27,5.50759,1500.0,150.0
1600000,151.49,3601.25,5514.88,-2279.98,9.7712,-2257.81,-1689.68,4097.35,8396.08,130.393,1585.22,2480.26,5.55216,1600.0,150.0
1700000,151.121,3832.66,5514.88,-2280.06,9.74745,-2257.12,485.027,2577.19,8435.77,123.134,-584.343,-1.34628,5.53363,1700.0,150.0
1800000,154.705,3337.54,5514.88,-2280.53,9.97858,-2259.06,479.352,2218.15,7315.12,1553.83,1152.43,2577.2,5.46825,1800.0,150.0
1900000,155.766,3500.26,5514.88,-2280.39,10.0471,-2258.29,-104.687,1650.83,8954.65,-144.84,2175.76,2566.26,5.45831,1900.0,150.0
2000000,157.168,2684.36,5514.88,-2279.92,10.1375,-2260.54,-228.866,-2320.56,10602.5,-172.76,2207.79,2216.05,5.47693,2000.0,150.0
2100000,153.226,3195.15,5514.88,-2279.73,9.88322,-2258.85,-387.043,-1186.5,11159.0,-1147.43,3591.79,329.593,5.41318,2100.0,150.0
2200000,145.03,4356.39,5514.88,-2279.1,9.35453,-2254.75,50.8594,2738.47,10279.8,396.629,2057.5,2283.13,5.40416,2200.0,150.0
2300000,146.743,4353.26,5514.88,-2279.44,9.46504,-2254.99,955.184,3971.95,8132.63,-860.478,2329.88,1687.38,5.37248,2300.0,150.0
2400000,154.261,2467.84,5514.88,-2280.01,9.94998,-2261.57,-2545.22,-616.911,10565.6,-1531.12,1413.86,4470.76,5.39921,2400.0,150.0
2500000,141.37,3221.61,5514.88,-2279.93,9.11847,-2259.73,430.568,3324.65,5909.6,1410.11,3013.76,3577.14,5.44495,2500.0,150.0
2600000,156.206,4943.04,5514.88,-2279.75,10.0754,-2252.66,790.661,2419.28,11619.2,147.799,2998.89,-994.076,5.4728,2600.0,150.0
2700000,146.732,3325.93,5514.88,-2280.01,9.46435,-2259.1,721.75,-763.651,10019.7,876.461,2430.06,1994.93,5.48047,2700.0,150.0
2800000,144.611,3449.84,5514.88,-2280.29,9.32753,-2259.08,-211.836,2218.32,8343.04,-1269.15,239.884,3054.41,5.46266,2800.0,150.0
2900000,157.937,3219.51,5514.88,-2279.82,10.1871,-2258.55,-1426.91,4072.08,7013.37,-2709.23,309.263,1130.3,5.45522,2900.0,150.0
3000000,151.56,3765.6,5514.88,-2279.92,9.77572,-2257.18,1169.66,2505.8,7621.33,2165.48,3201.2,161.312,5.46769,3000.0,150.0
3100000,151.198,4385.26,5514.88,-2279.98,9.75237,-2255.14,143.141,56.7868,12955.9,90.1069,250.28,1968.2,5.41654,3100.0,150.0
3200000,154.825,2440.44,5514.88,-2279.98,9.98637,-2261.59,-2774.55,943.161,9152.7,371.291,1094.63,1356.87,5.34756,3200.0,150.0
3300000,149.788,2041.86,5514.88,-2279.32,9.66143,-2262.63,-1190.39,1823.85,5492.13,595.015,1730.02,1851.01,5.35485,3300.0,150.0
3400000,147.318,3939.98,5514.88,-2280.05,9.50213,-2256.98,95.5949,3827.88,7896.47,1023.51,2189.6,2233.98,5.37853,3400.0,150.0
3500000,149.327,2980.02,5514.88,-2280.12,9.63173,-2260.23,-3113.63,2939.08,9114.61,-1452.72,-474.965,1227.09,5.32246,3500.0,150.0
3600000,157.731,5058.75,5514.88,-2280.16,10.1738,-2252.58,-464.477,5609.31,10031.4,2210.24,2801.07,-489.783,5.25785,3600.0,150.0
3700000,152.17,4488.84,5514.88,-2279.91,9.8151,-2254.64,-246.367,2196.34,11516.5,-157.737,2939.25,-381.505,5.2582,3700.0,150.0
3800000,147.699,3170.57,5514.88,-2280.16,9.52672,-2259.72,-1410.47,1839.85,9082.33,1580.23,3015.38,702.452,5.2675,3800.0,150.0
3900000,144.976,752.351,5514.88,-2280.46,9.35108,-2268.52,-3791.22,-2267.47,8315.74,1203.9,1356.82,1567.34,5.28277,3900.0,150.0
4000000,146.65,3235.76,5514.88,-2279.89,9.45906,-2259.3,234.649,1645.1,7827.53,647.512,3452.02,639.133,5.26269,4000.0,150.0
4100000,157.295,4234.15,5514.88,-2279.88,10.1457,-2255.16,4108.64,2964.06,5629.74,128.559,860.483,305.331,5.25908,4100.0,150.0
4200000,143.53,2092.07,5514.88,-2279.47,9.2578,-2263.01,-620.286,211.512,6684.98,2565.52,2121.0,2796.12,5.23885,4200.0,150.0
4300000,142.847,4030.22,5514.88,-2280.43,9.21372,-2257.34,551.093,3522.04,8017.52,204.582,910.684,3537.22,5.22294,4300.0,150.0
4400000,154.985,3059.83,5514.88,-2280.03,9.99665,-2259.5,1039.53,513.617,7626.33,140.353,3825.05,801.101,5.22049,4400.0,150.0
4500000,155.122,3766.37,5514.88,-2280.49,10.0055,-2257.52,-1843.48,4135.73,9006.87,-240.553,-2444.29,1829.77,5.20587,4500.0,150.0
4600000,153.636,3847.97,5514.88,-2280.11,9.90963,-2256.95,687.961,3546.29,7309.67,-650.456,2494.02,1742.89,5.18664,4600.0,150.0
4700000,156.072,3950.9,5514.88,-2279.44,10.0668,-2255.78,-1854.29,3024.57,10682.4,-319.756,-1049.67,2142.53,5.17106,4700.0,150.0
4800000,148.961,2623.39,5514.88,-2279.68,9.60813,-2261.05,-418.576,894.333,7394.43,793.251,1232.42,581.567,5.1694,4800.0,150.0
4900000,166.691,3427.62,5514.88,-2280.41,10.7517,-2257.86,-929.448,4868.46,6343.86,-436.428,1713.45,2214.32,5.17674,4900.0,150.0
5000000,147.909,3003.02,5514.88,-2280.14,9.54025,-2260.26,-1634.47,2329.31,8314.21,-1040.24,3318.17,998.281,5.19091,5000.0,150.0
5100000,149.886,3740.69,5514.88,-2279.9,9.66776,-2257.36,-2731.35,2905.67,11047.7,-289.666,2210.33,896.881,5.20575,5100.0,150.0
5200000,149.812,3995.62,5514.88,-2279.78,9.66299,-2256.37,-3207.72,3185.89,12008.7,-1010.88,1018.39,3964.07,5.19991,5200.0,150.0
5300000,154.028,2969.93,5514.88,-2280.45,9.93493,-2260.29,-2036.96,2001.79,8944.96,765.66,181.411,1838.54,5.17302,5300.0,150.0
5400000,144.975,1797.55,5514.88,-2279.94,9.35097,-2264.4,-4043.99,1567.94,7868.71,201.861,2680.34,2076.12,5.17386,5400.0,150.0
5500000,152.395,4031.59,5514.88,-2279.07,9.82959,-2255.36,1359.89,3431.41,7303.46,-1174.1,2153.82,1309.4,5.16855,5500.0,150.0
5600000,148.118,3555.2,5514.88,-2280.01,9.55375,-2258.21,244.554,1309.14,9111.9,-1809.3,1650.15,1225.11,5.16955,5600.0,150.0
5700000,149.208,1950.52,5514.88,-2280.49,9.62403,-2264.15,-1774.1,828.018,6797.66,1660.92,1190.26,617.95,5.16528,5700.0,150.0
5800000,141.976,4096.62,5514.88,-2279.95,9.15755,-2256.69,701.546,2539.53,9048.8,-493.435,1192.09,-569.129,5.17047,5800.0,150.0
5900000,149.166,2456.42,5514.88,-2280.18,9.62131,-2262.11,-2372.92,554.291,9187.89,-323.11,2084.67,1375.9,5.17575,5900.0,150.0
6000000,151.017,1952.78,5514.88,-2280.12,9.74072,-2263.65,-4665.07,883.255,9640.16,-1713.47,1636.02,2806.63,5.19731,6000.0,150.0
6100000,157.345,3126.96,5514.88,-2280.08,10.1489,-2259.17,-782.599,738.676,9424.81,1441.48,3939.51,2829.12,5.19939,6100.0,150.0
6200000,144.054,2268.42,5514.88,-2280.14,9.29158,-2263.04,-4251.8,3317.69,7739.37,624.123,1318.01,2138.34,5.19524,6200.0,150.0
6300000,143.088,4396.56,5514.88,-2279.51,9.22929,-2255.14,187.628,4891.79,8110.26,1529.33,3193.5,-726.316,5.19586,6300.0,150.0
6400000,147.132,3750.45,5514.88,-2279.61,9.49014,-2257.21,1445.25,1020.72,8785.36,-13.8273,2490.79,-307.71,5.19454,6400.0,150.0
6500000,146.652,2861.74,5514.88,-2279.37,9.45917,-2260.06,-1112.36,272.009,9425.58,-559.751,-742.482,677.826,5.1877,6500.0,150.0
6600000,151.014,2948.83,5514.88,-2280.13,9.7405,-2260.24,-1674.28,4660.37,5860.41,-2448.13,2686.64,2095.53,5.18774,6600.0,150.0
6700000,149.362,4343.67,5514.88,-2279.73,9.63394,-2255.14,764.855,3799.69,8466.47,283.849,2623.04,2049.55,5.18673,6700.0,150.0
6800000,156.203,4949.0,5514.88,-2279.94,10.0752,-2252.83,1421.04,3499.68,9926.28,-1145.89,4346.96,3555.83,5.18691,6800.0,150.0
6900000,159.213,4124.31,5514.88,-2279.9,10.2693,-2255.43,1030.04,3323.17,8019.72,-574.671,-146.389,674.765,5.195,6900.0,150.0
7000000,145.423,4660.52,5514.88,-2279.95,9.37992,-2254.53,4487.75,729.24,8764.58,439.736,2872.79,2598.65,5.20695,7000.0,150.0
7100000,159.619,5497.26,5514.88,-2279.42,10.2956,-2250.21,4155.24,3054.46,9282.08,1469.29,-1535.07,-361.153,5.20615,7100.0,150.0
7200000,149.903,3404.42,5514.88,-2279.62,9.66883,-2258.23,-1601.35,1390.3,10424.3,600.185,582.618,2103.19,5.18741,7200.0,150.0
7300000,138.007,3746.59,5514.88,-2279.34,8.90159,-2257.55,-954.775,3597.34,8597.21,666.189,1285.88,134.068,5.18241,7300.0,150.0
7400000,145.114,3006.31,5514.88,-2280.11,9.35998,-2260.4,-940.176,2720.0,7239.11,1828.49,2449.06,-2522.63,5.17906,7400.0,150.0
7500000,151.594,4034.77,5514.88,-2279.87,9.77795,-2256.2,1941.51,2089.19,8073.62,-711.771,1493.21,1341.08,5.18174,7500.0,150.0
7600000,146.535,3217.09,5514.88,-2279.41,9.4516,-2258.88,-1747.12,3534.24,7864.13,2515.25,2320.83,1043.77,5.19841,7600.0,150.0
7700000,151.263,2934.14,5514.88,-2279.62,9.75657,-2259.76,-313.143,1209.48,7906.1,-1584.41,2893.32,1491.17,5.20665,7700.0,150.0
7800000,146.689,3840.95,5514.88,-2279.85,9.46159,-2257.17,-2392.48,4102.22,9813.11,-2173.89,3455.47,1593.2,5.21538,7800.0,150.0
7900000,150.115,2998.87,5514.88,-2280.36,9.68253,-2260.35,-67.9246,1590.2,7474.33,-1386.94,2821.34,3146.93,5.21685,7900.0,150.0
8000000,146.802,3779.26,5514.88,-2279.48,9.46884,-2257.0,52.6723,3537.57,7747.54,950.78,336.71,348.192,5.21184,8000.0,150.0
8100000,140.237,3859.01,5514.88,-2279.92,9.04539,-2257.59,2050.3,586.798,8939.94,299.888,4869.43,2119.04,5.21824,8100.0,150.0
8200000,143.791,4045.45,5514.88,-2279.23,9.27461,-2256.03,66.6071,2721.58,9348.16,397.843,930.156,767.468,5.23271,8200.0,150.0
8300000,147.886,3175.69,5514.88,-2280.02,9.53876,-2259.55,-1646.11,1750.84,9422.33,271.575,1107.98,1068.69,5.23773,8300.0,150.0
8400000,144.849,2887.54,5514.88,-2279.97,9.34285,-2260.69,-1244.83,4555.53,5351.92,462.027,3848.21,838.667,5.22501,8400.0,150.0
8500000,148.659,4527.55,5514.88,-2279.54,9.5886,-2254.37,729.415,2824.12,10029.1,2347.21,1523.55,1449.49,5.21902,8500.0,150.0
8600000,161.391,824.579,5514.88,-2280.37,10.4099,-2267.12,-6085.43,1161.77,7397.4,-842.727,1732.96,1731.28,5.22176,8600.0,150.0
8700000,146.649,4353.01,5514.88,-2279.88,9.45897,-2255.44,1372.53,2370.29,9316.2,-397.478,1590.22,2199.08,5.22922,8700.0,150.0
8800000,159.22,4450.96,5514.88,-2279.74,10.2698,-2254.15,2363.5,1182.22,9807.14,1187.58,2468.52,-2554.61,5.23503,8800.0,150.0
8900000,151.6,4821.72,5514.88,-2279.65,9.77834,-2253.28,188.848,4625.88,9650.44,2414.73,-2069.62,3270.71,5.2224,8900.0,150.0
9000000,163.645,4397.35,5514.88,-2279.78,10.5552,-2254.09,2486.97,3783.84,6921.24,1256.07,1806.64,880.924,5.22228,9000.0,150.0
9100000,150.147,3424.49,5514.88,-2280.54,9.68457,-2259.07,2164.39,355.739,7753.35,2588.19,497.233,-707.28,5.22076,9100.0,150.0
9200000,140.514,4220.82,5514.88,-2280.14,9.06325,-2256.55,2832.59,2488.01,7341.85,65.3328,3849.04,1156.77,5.20737,9200.0,150.0
9300000,159.68,3363.1,5514.88,-2280.06,10.2995,-2258.19,1952.95,2183.86,5952.5,1072.02,2100.16,2578.03,5.20834,9300.0,150.0
9400000,151.1,4083.89,5514.88,-2279.91,9.74608,-2256.1,1379.7,2868.53,8003.45,1710.21,-2893.48,365.751,5.1885,9400.0,150.0
9500000,146.554,3605.17,5514.88,-2279.95,9.45284,-2258.09,-3683.5,3153.07,11345.9,-2032.08,-195.522,1796.75,5.17834,9500.0,150.0
9600000,153.798,4566.79,5514.88,-2279.4,9.92007,-2253.76,-510.08,2783.22,11427.2,-1506.72,3549.76,1907.01,5.16775,9600.0,150.0
9700000,147.906,2089.22,5514.88,-2280.42,9.54004,-2263.68,-1244.54,1795.33,5716.87,-664.72,2096.79,1214.78,5.16419,9700.0,150.0
9800000,153.178,3484.21,5514.88,-2280.02,9.88008,-2258.15,-245.02,1525.49,9172.15,1866.08,1453.11,3617.0,5.17512,9800.0,150.0
9900000,140.948,3693.24,5514.88,-2280.02,9.09126,-2258.22,-1673.82,1891.43,10862.1,78.7122,2110.43,1461.39,5.18315,9900.0,150.0
10000000,143.053,4107.35,5514.88,-2279.45,9.22704,-2256.08,-827.467,4099.88,9049.63,-1129.87,3607.9,614.387,5.19398,10000.0,150.0
