TimeStep,temp,pressure,vol,pe,ke,enthalpy,pxx,pyy,pzz,pxy,pxz,pyz,visc,time,hold_temp
0,1656.35,-3407.14,7383.86,-2714.16,106.836,-2623.03,-3892.62,-3168.72,-3160.08,4592.91,-1972.15,2222.7,0.00156902,0.0,1700.0
100000,1705.29,-1028.07,7383.86,-2705.9,109.993,-2600.64,2944.48,-1476.2,-4552.47,586.044,-6638.01,1250.77,0.00126898,100.0,1700.0
200000,1699.68,-5417.97,7383.86,-2719.07,109.631,-2634.41,-7100.25,732.334,-9886.0,-39.6288,-1184.74,-2834.63,0.00727497,200.0,1700.0
300000,1747.44,-1912.22,7383.86,-2711.58,112.711,-2607.68,-4311.82,-5592.07,4167.23,-2791.21,2390.64,3300.06,0.015278,300.0,1700.0
400000,1781.02,-2022.09,7383.86,-2704.99,114.877,-2599.43,1941.21,-1939.32,-6068.16,3789.93,3442.4,2970.09,0.0104834,400.0,1700.0
500000,1691.43,-134.361,7383.86,-2708.1,109.099,-2599.62,-7074.1,3557.99,3113.02,-3142.45,2375.53,1938.21,0.00998139,500.0,1700.0
600000,1667.49,-4191.3,7383.86,-2708.04,107.554,-2619.8,826.964,-5470.98,-7929.88,-10744.6,-2940.01,-7683.72,0.00985154,600.0,1700.0
700000,1865.15,-683.215,7383.86,-2705.59,120.304,-2588.44,-2478.08,-2683.35,3111.78,-3753.57,-708.333,6054.31,0.0104969,700.0,1700.0
800000,1647.15,701.347,7383.86,-2705.62,106.242,-2596.15,-260.979,1469.25,895.77,26.744,1356.05,-3265.68,0.00875496,800.0,1700.0
900000,1860.5,-2977.77,7383.86,-2713.82,120.003,-2607.54,-8155.38,1404.08,-2182.01,-1251.7,6315.11,567.425,0.00814637,900.0,1700.0
1000000,1577.99,-7665.43,7383.86,-2712.0,101.782,-2645.55,-9583.28,-6496.2,-6916.81,-1628.15,-2109.13,932.83,0.00774096,1000.0,1700.0
1100000,1701.26,-754.786,7383.86,-2711.86,109.732,-2605.61,-11950.2,3964.42,5721.43,3698.65,4252.54,-2435.69,0.00879771,1100.0,1700.0
1200000,1595.93,-2896.45,7383.86,-2707.85,102.939,-2618.26,-5581.29,-3033.5,-74.5702,-10213.7,4188.43,-525.762,0.009012,1200.0,1700.0
1300000,1767.51,248.463,7383.86,-2708.17,114.006,-2593.02,75.3005,5089.81,-4419.72,2455.04,8592.58,-3562.38,0.00985623,1300.0,1700.0
1400000,1680.39,-548.97,7383.86,-2710.77,108.386,-2604.92,2716.41,-4417.73,54.4094,610.3,2739.38,1886.55,0.00946935,1400.0,1700.0
1500000,1624.13,382.591,7383.86,-2699.73,104.758,-2593.21,8154.13,-5151.12,-1855.24,735.091,5146.15,2505.59,0.0097531,1500.0,1700.0
1600000,1715.6,-3375.88,7383.86,-2712.7,110.657,-2617.6,-2457.8,-4769.65,-2900.2,-7640.33,-3240.82,-1402.5,0.00982637,1600.0,1700.0
1700000,1851.94,937.128,7383.86,-2701.95,119.451,-2578.18,6355.19,1563.52,-5107.32,-29.9649,3640.78,1138.55,0.0102959,1700.0,1700.0
1800000,1856.04,-1312.55,7383.86,-2712.46,119.716,-2598.8,3441.62,-7205.91,-173.378,-4496.39,-2335.3,2553.05,0.00965893,1800.0,1700.0
1900000,1745.56,3504.82,7383.86,-2703.51,112.59,-2574.76,9415.55,743.535,355.376,-2319.99,2822.8,-6607.92,0.00886587,1900.0,1700.0
2000000,1612.81,2033.13,7383.86,-2701.49,104.027,-2588.1,6754.71,-4217.12,3561.79,-1835.76,-4331.59,4781.69,0.00904432,2000.0,1700.0
2100000,1714.77,-6926.19,7383.86,-2711.9,110.604,-2633.22,-1426.09,-12771.0,-6581.48,-6545.21,8236.78,-277.436,0.00841764,2100.0,1700.0
2200000,1677.42,-706.38,7383.86,-2711.43,108.195,-2606.49,4982.48,-7377.52,275.895,-2983.96,6861.6,1626.22,0.00787899,2200.0,1700.0
2300000,1680.69,-6904.97,7383.86,-2710.74,108.406,-2634.15,-2172.33,-3025.1,-15517.5,4659.47,-2056.49,675.307,0.00818157,2300.0,1700.0
2400000,1741.52,-2679.92,7383.86,-2710.05,112.329,-2610.07,-829.693,-5528.18,-1681.88,704.063,3814.22,-2097.1,0.00802574,2400.0,1700.0
2500000,1570.67,-4582.11,7383.86,-2706.3,101.309,-2626.1,-4244.89,-10209.5,708.118,-4961.09,278.043,4340.9,0.00852157,2500.0,1700.0
2600000,1749.87,-3713.17,7383.86,-2711.42,112.868,-2615.66,-12102.9,1522.16,-558.73,4088.63,2271.36,-656.793,0.00766908,2600.0,1700.0
2700000,1680.3,-4386.71,7383.86,-2714.1,108.381,-2625.93,-1563.98,-5469.31,-6126.84,2126.96,-2421.24,4404.11,0.00726654,2700.0,1700.0
2800000,1606.45,-1815.31,7383.86,-2706.77,103.617,-2611.52,-5566.75,988.694,-867.882,-2988.87,-1294.69,2136.52,0.00729141,2800.0,1700.0
2900000,1654.39,-2913.41,7383.86,-2713.27,106.709,-2619.99,10346.9,-9044.38,-10042.7,6976.41,9408.74,-1580.41,0.00721472,2900.0,1700.0
3000000,1750.13,-3982.04,7383.86,-2710.99,112.884,-2616.45,-11280.9,3996.35,-4661.59,-3956.42,-5556.0,-1195.92,0.00783657,3000.0,1700.0
3100000,1727.57,-10965.4,7383.86,-2717.46,111.43,-2656.57,-10064.6,-11830.2,-11001.2,6880.38,-4749.51,2134.79,0.00832143,3100.0,1700.0
3200000,1645.24,-5639.22,7383.86,-2714.25,106.119,-2634.12,-12761.5,-1285.07,-2871.08,-2161.53,-1081.46,1921.63,0.00895566,3200.0,1700.0
3300000,1734.79,27.2106,7383.86,-2709.94,111.896,-2597.92,-411.832,2929.21,-2435.75,-5347.8,-2064.29,-1733.68,0.00969787,3300.0,1700.0
3400000,1717.03,-3131.5,7383.86,-2715.5,110.75,-2619.18,6815.21,-7823.83,-8385.89,6370.94,88.3521,3795.02,0.00918967,3400.0,1700.0
3500000,1701.72,651.991,7383.86,-2705.24,109.763,-2592.47,1603.29,-4474.04,4826.73,-5604.33,1929.35,-3768.52,0.00882617,3500.0,1700.0
3600000,1691.51,1720.61,7383.86,-2702.89,109.104,-2585.86,3932.27,5979.96,-4750.41,-10439.8,-2391.38,-1941.76,0.00863806,3600.0,1700.0
3700000,1581.23,-1277.22,7383.86,-2708.94,101.99,-2612.84,-12305.3,5276.01,3197.61,714.837,4878.79,5862.12,0.00890348,3700.0,1700.0
3800000,1784.44,-5055.59,7383.86,-2717.9,115.098,-2626.1,809.771,-6810.75,-9165.8,1210.22,1172.8,-1265.13,0.00892999,3800.0,1700.0
3900000,1709.65,3668.53,7383.86,-2702.04,110.274,-2574.86,5165.79,3056.78,2783.02,5050.19,-2437.46,5395.84,0.00896975,3900.0,1700.0
4000000,1659.29,-269.852,7383.86,-2705.28,107.026,-2599.49,-6440.1,11190.7,-5560.2,388.857,4738.18,-4067.06,0.00877831,4000.0,1700.0
4100000,1526.76,-2241.17,7383.86,-2709.09,98.477,-2620.95,-2095.4,-418.192,-4209.93,-228.778,-5822.3,7006.18,0.00852429,4100.0,1700.0
4200000,1673.31,1318.05,7383.86,-2706.13,107.93,-2592.13,2058.8,1987.62,-92.2557,-6760.59,-3325.49,-2264.21,0.00826626,4200.0,1700.0
4300000,1671.88,-5254.68,7383.86,-2712.84,107.838,-2629.22,-4944.53,1455.71,-12275.2,1237.89,438.915,-530.262,0.00827403,4300.0,1700.0
4400000,1667.22,-10715.9,7383.86,-2719.56,107.537,-2661.41,-9415.71,-9129.66,-13602.3,3684.75,-2027.03,5280.0,0.00826846,4400.0,1700.0
4500000,1762.72,-3280.1,7383.86,-2709.35,113.697,-2610.77,-6977.76,-2242.59,-619.95,-3564.54,-6267.31,2250.48,0.0084842,4500.0,1700.0
4600000,1675.07,-606.809,7383.86,-2708.87,108.044,-2603.62,-4525.55,3247.5,-542.379,3200.42,7168.42,-5206.01,0.00817339,4600.0,1700.0
4700000,1769.09,678.99,7383.86,-2699.07,114.108,-2581.83,-11472.0,3823.5,9685.48,110.156,-1020.41,1991.5,0.00804453,4700.0,1700.0
4800000,1740.35,1358.52,7383.86,-2708.67,112.254,-2590.16,5236.84,-1281.43,120.16,-103.606,858.961,569.704,0.00888818,4800.0,1700.0
4900000,1542.65,-826.275,7383.86,-2708.21,99.5022,-2612.52,1154.93,1690.84,-5324.6,-4254.63,-6056.01,9900.68,0.00841883,4900.0,1700.0
5000000,1598.5,-5625.24,7383.86,-2711.76,103.105,-2634.58,-12217.4,806.91,-5465.21,4075.12,1634.83,-5135.02,0.00827342,5000.0,1700.0
5100000,1572.23,-6220.58,7383.86,-2710.73,101.41,-2637.99,-10765.5,1130.25,-9026.44,7113.51,2764.97,3066.86,0.00827995,5100.0,1700.0
5200000,1820.82,758.687,7383.86,-2705.17,117.445,-2584.23,7455.7,-1824.25,-3355.39,3047.86,1100.0,3450.96,0.00822128,5200.0,1700.0
5300000,1772.51,-2343.61,7383.86,-2706.6,114.328,-2603.07,-2647.78,-4458.19,75.1367,2061.62,-235.547,15673.7,0.00815995,5300.0,1700.0
5400000,1624.91,-3460.45,7383.86,-2711.56,104.808,-2622.7,-13146.2,-952.518,3717.38,-9448.57,4855.83,1625.23,0.00793906,5400.0,1700.0
5500000,1607.85,-2411.89,7383.86,-2705.77,103.707,-2613.18,-2531.76,1170.08,-5874.0,-156.725,2027.45,7866.23,0.0079274,5500.0,1700.0
5600000,1729.22,-4261.97,7383.86,-2716.06,111.536,-2624.16,-1203.22,-6598.64,-4984.05,-1693.5,6107.31,-7002.42,0.00797698,5600.0,1700.0
5700000,1739.78,-1331.74,7383.86,-2710.3,112.217,-2604.22,-448.175,-4875.15,1328.1,-2867.82,2822.51,-2581.22,0.00786641,5700.0,1700.0
5800000,1780.67,-2360.41,7383.86,-2709.78,114.855,-2605.81,-2151.27,-1150.8,-3779.18,-3156.78,-1865.0,-3226.46,0.00766044,5800.0,1700.0
5900000,1693.89,-1250.99,7383.86,-2703.06,109.257,-2599.57,-6032.2,3053.8,-774.565,-3136.96,1265.26,59.1982,0.00770309,5900.0,1700.0
6000000,1603.7,-4609.97,7383.86,-2708.92,103.44,-2626.72,-10302.7,-2968.85,-558.312,-8788.79,-2763.52,-6199.68,0.00774893,6000.0,1700.0
6100000,1755.17,70.9757,7383.86,-2706.32,113.21,-2592.78,-2889.65,2851.33,251.251,5627.64,3205.54,-5449.76,0.00758682,6100.0,1700.0
6200000,1703.45,2533.25,7383.86,-2702.84,109.874,-2581.29,4141.4,-6653.62,10112.0,-1980.75,1275.64,-1581.2,0.0074607,6200.0,1700.0
6300000,1698.47,-3198.65,7383.86,-2709.18,109.553,-2614.37,-4463.6,1627.61,-6759.95,4114.85,3225.34,1457.76,0.00785548,6300.0,1700.0
6400000,1661.47,-2569.55,7383.86,-2713.55,107.166,-2618.22,4025.29,-9077.19,-2656.75,-4806.29,3580.42,1103.3,0.0079348,6400.0,1700.0
6500000,1792.64,-99.7834,7383.86,-2705.69,115.627,-2590.52,402.406,-6106.6,5404.84,-1006.25,-1956.16,-3443.99,0.00807949,6500.0,1700.0
6600000,1610.97,-6793.07,7383.86,-2711.97,103.909,-2639.37,-5159.8,-4907.64,-10311.8,11075.4,2912.87,-1973.71,0.00805322,6600.0,1700.0
6700000,1679.55,-3333.6,7383.86,-2712.03,108.333,-2619.07,-6239.66,-2027.87,-1733.28,1131.26,1413.39,7979.62,0.00805247,6700.0,1700.0
6800000,1727.61,771.637,7383.86,-2703.46,111.432,-2588.48,-1945.66,-1032.06,5292.63,-6498.93,-5717.68,-3998.99,0.00801999,6800.0,1700.0
6900000,1712.13,2702.12,7383.86,-2697.67,110.434,-2574.79,2588.57,7469.66,-1951.87,272.623,2822.1,3379.9,0.00810943,6900.0,1700.0
7000000,1676.48,-3326.68,7383.86,-2708.44,108.134,-2615.64,-10615.1,2722.2,-2087.14,-3052.4,8542.84,-3237.97,0.00817513,7000.0,1700.0
7100000,1673.03,-3939.58,7383.86,-2710.17,107.912,-2620.41,-7695.89,848.494,-4971.35,-513.141,-4187.36,8076.99,0.00811838,7100.0,1700.0
7200000,1699.22,-1233.93,7383.86,-2709.5,109.601,-2605.58,-5186.6,93.9722,1390.86,6379.08,-4941.61,3898.26,0.00832676,7200.0,1700.0
7300000,1683.51,-1867.11,7383.86,-2707.75,108.587,-2607.76,-307.549,26.4914,-5320.29,-3031.9,-988.197,-6511.22,0.00830532,7300.0,1700.0
7400000,1717.89,1420.44,7383.86,-2699.39,110.805,-2582.04,4707.73,-2251.38,1804.98,4929.78,-3869.14,1333.21,0.00827519,7400.0,1700.0
7500000,1839.73,189.564,7383.86,-2706.19,118.664,-2586.65,6083.74,2538.49,-8053.54,-89.6396,-7685.65,-3370.4,0.00850269,7500.0,1700.0
7600000,1592.01,-1835.2,7383.86,-2706.84,102.686,-2612.61,-1149.5,7435.29,-11791.4,2299.67,9869.51,-1751.57,0.00846327,7600.0,1700.0
7700000,1777.83,149.723,7383.86,-2704.45,114.672,-2589.09,-930.378,3960.98,-2581.43,5455.5,2936.36,2525.62,0.0083577,7700.0,1700.0
7800000,1706.0,-4549.38,7383.86,-2715.17,110.038,-2626.1,-7007.27,1184.12,-7825.0,-8621.87,-774.585,-764.348,0.0082353,7800.0,1700.0
7900000,1734.56,1805.21,7383.86,-2707.98,111.88,-2587.78,-4481.98,1686.52,8211.1,-8908.28,-2004.36,1141.33,0.00812993,7900.0,1700.0
8000000,1706.23,-3503.77,7383.86,-2712.56,110.053,-2618.66,860.27,-16428.5,5056.93,1917.26,-5260.71,1834.56,0.00813631,8000.0,1700.0
8100000,1647.26,-1481.66,7383.86,-2709.18,106.25,-2609.76,1769.57,-2831.8,-3382.76,-215.567,1302.51,-4670.24,0.0082138,8100.0,1700.0
8200000,1605.34,4581.01,7383.86,-2704.58,103.546,-2579.92,12229.1,4674.41,-3160.46,8887.93,1154.16,4926.98,0.00837889,8200.0,1700.0
8300000,1799.48,2641.24,7383.86,-2703.66,116.068,-2575.42,4119.35,222.079,3582.29,1440.62,6634.57,-870.861,0.00849532,8300.0,1700.0
8400000,1642.43,-5762.06,7383.86,-2713.66,105.938,-2634.28,-11008.3,-8706.85,2428.96,-8799.44,4481.06,343.095,0.00864354,8400.0,1700.0
8500000,1638.45,-3593.82,7383.86,-2705.71,105.681,-2616.59,-2136.39,-1602.1,-7042.96,6694.34,-4765.03,-4324.56,0.00862974,8500.0,1700.0
8600000,1686.33,-3872.26,7383.86,-2708.81,108.769,-2617.89,-15414.5,3188.4,609.287,-2652.91,-7304.96,6449.97,0.0088966,8600.0,1700.0
8700000,1755.82,3727.0,7383.86,-2700.83,113.252,-2570.4,9745.46,4098.3,-2662.76,-1460.79,5973.16,-5885.01,0.0096284,8700.0,1700.0
8800000,1733.54,-2329.56,7383.86,-2709.26,111.814,-2608.18,-2331.32,-4327.74,-329.619,-64.2199,2149.78,-3261.21,0.00978105,8800.0,1700.0
8900000,1800.17,-1840.04,7383.86,-2708.41,116.112,-2600.77,703.902,-3510.43,-2713.6,10938.8,-1659.94,3685.32,0.00985626,8900.0,1700.0
9000000,1715.05,-4548.57,7383.86,-2709.17,110.622,-2619.52,-4325.71,-2273.28,-7046.73,-2849.53,1056.78,2294.98,0.00978893,9000.0,1700.0
9100000,1774.65,1051.04,7383.86,-2705.42,114.467,-2586.11,-1629.55,-1489.56,6272.22,-2099.53,-5134.66,-216.131,0.00968884,9100.0,1700.0
9200000,1674.0,-2807.67,7383.86,-2704.84,107.974,-2609.8,-7944.02,7042.43,-7521.43,2047.66,-11118.5,1203.14,0.00982857,9200.0,1700.0
9300000,1712.58,-885.937,7383.86,-2705.57,110.463,-2599.19,-9578.4,2673.02,4247.56,-442.232,-7592.3,3203.67,0.00996737,9300.0,1700.0
9400000,1672.47,-5065.47,7383.86,-2709.74,107.876,-2625.2,377.095,-11605.7,-3967.84,-6216.24,-786.05,-1028.4,0.00995228,9400.0,1700.0
9500000,1688.74,-2007.71,7383.86,-2707.2,108.925,-2607.53,-4568.83,-6907.38,5453.08,-134.876,-5844.26,806.875,0.00997554,9500.0,1700.0
9600000,1795.15,-4623.75,7383.86,-2710.5,115.788,-2616.02,-5839.95,-5904.99,-2126.31,-1456.26,-1931.1,-1020.06,0.0100075,9600.0,1700.0
9700000,1729.85,1740.12,7383.86,-2703.31,111.577,-2583.71,7467.58,-10156.0,7908.75,-2339.25,6372.64,-9152.88,0.0100578,9700.0,1700.0
9800000,1657.15,-3062.01,7383.86,-2707.22,106.887,-2614.45,-6425.24,1533.8,-4294.6,3202.89,1578.3,1669.33,0.00998676,9800.0,1700.0
9900000,1716.86,2086.89,7383.86,-2709.23,110.739,-2588.88,-1267.52,4855.95,2672.26,-2343.57,-1628.68,-5220.24,0.0098232,9900.0,1700.0
10000000,1759.16,-1380.14,7383.86,-2705.79,113.467,-2598.68,-9724.6,-2411.5,7995.68,-3000.46,740.302,-269.055,0.00981401,10000.0,1700.0
