TimeStep,temp,pressure,vol,pe,ke,enthalpy,pxx,pyy,pzz,pxy,pxz,pyz,visc,time,hold_temp
0,418.273,-1580.51,9016.77,-2503.91,26.9789,-2485.82,-2586.6,-4623.09,2468.15,707.726,-1744.04,2022.41,0.00207699,0.0,400.0
100000,397.797,-10.3177,9016.77,-2504.07,25.6582,-2478.47,3481.01,-1384.39,-2127.57,-478.919,-2701.21,3456.95,5.73375,100.0,400.0
200000,406.272,-1862.48,9016.77,-2506.22,26.2049,-2490.49,-2740.54,-957.715,-1889.18,718.978,-3499.24,2451.18,5.78783,200.0,400.0
300000,421.836,-705.325,9016.77,-2504.51,27.2088,-2481.28,385.526,-2470.76,-30.7453,-818.39,-2602.44,2257.46,5.76515,300.0,400.0
400000,378.22,-781.213,9016.77,-2505.09,24.3955,-2485.09,-765.175,-559.725,-1018.74,869.168,-4233.78,3423.95,5.75547,400.0,400.0
500000,391.431,-1449.54,9016.77,-2505.28,25.2476,-2488.19,-229.025,-2121.3,-1998.31,-375.784,-1996.13,1374.27,5.74042,500.0,400.0
600000,376.84,-470.268,9016.77,-2504.91,24.3065,-2483.25,331.093,-3441.04,1699.15,45.1603,-766.504,1046.79,5.71557,600.0,400.0
700000,395.881,-613.67,9016.77,-2502.86,25.5347,-2480.78,267.553,826.762,-2935.33,1522.59,-1490.19,2120.32,5.72658,700.0,400.0
800000,386.807,-651.07,9016.77,-2504.61,24.9493,-2483.33,-820.312,-1445.52,312.624,-1186.93,-2425.5,2168.92,5.73936,800.0,400.0
900000,429.711,-1111.2,9016.77,-2505.41,27.7167,-2483.94,804.375,-966.803,-3171.16,1970.92,-3710.56,1280.13,5.73531,900.0,400.0
1000000,408.526,-2206.14,9016.77,-2506.06,26.3503,-2492.12,-1703.64,-4171.48,-743.297,494.826,-1834.87,2361.03,5.73273,1000.0,400.0
1100000,407.581,-1039.41,9016.77,-2505.99,26.2893,-2485.55,-1392.77,-919.512,-805.934,1080.39,-3008.03,2055.97,5.75086,1100.0,400.0
1200000,384.93,-1846.23,9016.77,-2505.44,24.8283,-2491.01,-2541.54,-1642.2,-1354.96,-2791.6,-2265.75,1652.93,5.76324,1200.0,400.0
1300000,384.232,-786.855,9016.77,-2504.26,24.7833,-2483.91,-2904.81,-590.915,1135.15,-196.228,-1383.56,3180.35,5.71562,1300.0,400.0
1400000,418.901,-1182.26,9016.77,-2505.62,27.0194,-2485.25,-2962.8,-1043.89,459.89,359.834,-2014.82,1083.56,5.5844,1400.0,400.0
1500000,387.841,-2366.67,9016.77,-2506.13,25.016,-2494.44,-5517.43,-1400.34,-182.244,22.3607,-2126.87,3120.83,5.52203,1500.0,400.0
1600000,405.315,-2144.8,9016.77,-2507.02,26.1432,-2492.94,-3195.63,-3600.2,361.436,1897.12,-2419.8,2918.13,5.52612,1600.0,400.0
1700000,401.681,-1170.8,9016.77,-2505.57,25.9087,-2486.25,-2369.8,-709.684,-432.918,-316.137,-2294.7,2935.79,5.5354,1700.0,400.0
1800000,396.884,-934.381,9016.77,-2505.1,25.5993,-2484.76,-2076.81,-2045.54,1319.21,1086.65,-881.297,2274.08,5.54996,1800.0,400.0
1900000,379.524,-1792.57,9016.77,-2506.09,24.4796,-2491.7,-1767.08,-3191.64,-418.994,492.071,-1791.98,2517.37,5.55834,1900.0,400.0
2000000,406.386,-2372.54,9016.77,-2506.02,26.2123,-2493.16,-3680.93,-383.364,-3053.34,4324.98,-807.203,1416.41,5.53767,2000.0,400.0
2100000,413.442,-588.585,9016.77,-2505.28,26.6674,-2481.92,-4794.22,3536.0,-507.537,1986.67,-1411.06,598.039,5.52101,2100.0,400.0
2200000,373.916,-2250.02,9016.77,-2505.35,24.1179,-2493.9,-3050.5,-1406.14,-2293.41,1353.68,-1391.09,916.411,5.49715,2200.0,400.0
2300000,378.423,-2006.12,9016.77,-2505.58,24.4086,-2492.46,-5598.62,-600.326,180.596,1740.53,-2181.59,3448.31,5.47975,2300.0,400.0
2400000,434.031,-1278.03,9016.77,-2505.2,27.9954,-2484.39,-5839.04,1173.29,831.659,752.87,-2750.19,1800.86,5.45871,2400.0,400.0
2500000,395.891,-634.111,9016.77,-2503.73,25.5353,-2481.76,-3181.72,319.707,959.682,471.254,-2424.67,-280.568,5.40561,2500.0,400.0
2600000,414.839,-1459.15,9016.77,-2505.15,26.7574,-2486.61,-2981.72,-647.516,-748.22,1613.07,-3180.36,2347.28,5.34595,2600.0,400.0
2700000,414.255,-667.44,9016.77,-2505.97,26.7198,-2483.0,-1997.04,727.023,-732.304,1779.19,-3249.5,1388.09,5.28741,2700.0,400.0
2800000,413.354,-688.469,9016.77,-2507.35,26.6617,-2484.56,1330.8,-1116.56,-2279.65,810.642,-1066.22,780.673,5.23856,2800.0,400.0
2900000,408.961,-1457.55,9016.77,-2507.25,26.3783,-2489.07,-2646.7,-334.386,-1391.56,2479.51,-1111.31,1275.4,5.19282,2900.0,400.0
3000000,417.148,731.336,9016.77,-2505.04,26.9064,-2474.01,-1195.77,3589.47,-199.688,-249.852,-3393.27,3196.69,5.1502,3000.0,400.0
3100000,396.659,355.33,9016.77,-2506.02,25.5849,-2478.44,-1647.35,829.474,1883.86,1192.23,-3978.85,1659.18,5.11411,3100.0,400.0
3200000,374.633,-1917.17,9016.77,-2506.51,24.1641,-2493.14,-3034.9,-1248.61,-1468.01,229.251,-3259.77,32.4027,5.07785,3200.0,400.0
3300000,422.613,-1342.97,9016.77,-2507.04,27.2589,-2487.34,-4693.13,-306.504,970.725,720.353,-2358.83,364.277,5.04484,3300.0,400.0
3400000,396.406,-822.196,9016.77,-2506.03,25.5685,-2485.09,-4375.45,-304.11,2212.97,813.011,-1654.5,6.25865,5.00907,3400.0,400.0
3500000,378.924,-1115.63,9016.77,-2505.29,24.4409,-2487.13,-2044.14,-1276.05,-26.6966,639.405,-1333.16,-336.644,4.98116,3500.0,400.0
3600000,392.964,-1303.52,9016.77,-2506.71,25.3465,-2488.7,-2627.74,-1263.15,-19.6603,1062.55,-2433.13,2078.13,4.9563,3600.0,400.0
3700000,391.003,-1008.32,9016.77,-2506.53,25.22,-2486.98,-2220.34,87.8595,-892.485,2496.51,-1943.28,-1683.67,4.92908,3700.0,400.0
3800000,415.635,-582.398,9016.77,-2506.37,26.8088,-2482.83,-1576.09,-472.433,301.326,-50.311,-2993.59,1898.93,4.9009,3800.0,400.0
3900000,413.232,-421.588,9016.77,-2506.07,26.6538,-2481.79,-13.4861,-1408.86,157.585,2194.16,-3130.27,750.685,4.8777,3900.0,400.0
4000000,405.778,-76.0439,9016.77,-2505.51,26.173,-2479.77,-1537.34,3681.62,-2372.4,370.332,-1399.67,2440.15,4.85369,4000.0,400.0
4100000,398.48,-217.957,9016.77,-2504.93,25.7023,-2480.46,-364.734,-74.6792,-214.459,1310.63,-2077.72,1166.1,4.83131,4100.0,400.0
4200000,416.735,75.5255,9016.77,-2505.93,26.8798,-2478.63,-363.093,1619.55,-1029.88,1772.3,-1420.24,2957.83,4.80742,4200.0,400.0
4300000,367.536,-1202.23,9016.77,-2505.1,23.7064,-2488.16,-3640.66,1572.27,-1538.3,1854.63,-2339.75,3783.27,4.78583,4300.0,400.0
4400000,402.578,422.221,9016.77,-2504.84,25.9666,-2476.5,643.323,2208.67,-1585.33,2037.12,-1847.9,365.172,4.76563,4400.0,400.0
4500000,407.915,-255.62,9016.77,-2504.84,26.3108,-2479.97,-1167.65,-326.612,727.401,1505.99,-330.884,1470.8,4.74753,4500.0,400.0
4600000,396.635,-464.766,9016.77,-2504.98,25.5833,-2482.01,-2915.74,367.472,1153.97,2194.08,-709.275,3935.95,4.72904,4600.0,400.0
4700000,424.111,-119.831,9016.77,-2505.14,27.3555,-2478.46,-2346.27,2054.35,-67.5698,859.483,-2214.78,1194.53,4.71441,4700.0,400.0
4800000,402.165,53.1733,9016.77,-2503.87,25.94,-2477.63,-3672.82,1038.88,2793.46,2113.68,-1678.76,-773.17,4.69814,4800.0,400.0
4900000,377.172,-1251.2,9016.77,-2506.93,24.3279,-2489.64,-4416.86,-756.042,1419.29,2057.33,-1137.99,1245.85,4.68033,4900.0,400.0
5000000,401.118,-350.642,9016.77,-2506.17,25.8724,-2482.27,-600.124,208.677,-660.478,1082.64,-1823.15,3782.04,4.66501,5000.0,400.0
5100000,409.162,-876.111,9016.77,-2505.79,26.3913,-2484.33,-3372.0,88.123,655.545,2475.0,-1066.76,2232.62,4.65162,5100.0,400.0
5200000,402.545,1119.54,9016.77,-2504.72,25.9645,-2472.46,1080.2,1503.53,774.889,2005.38,-2176.38,2376.06,4.63771,5200.0,400.0
5300000,397.786,-941.14,9016.77,-2505.67,25.6575,-2485.31,-3772.74,3595.49,-2646.16,1344.27,-1758.84,1536.8,4.62329,5300.0,400.0
5400000,399.906,632.834,9016.77,-2505.5,25.7943,-2476.14,2292.53,1354.72,-1748.75,1001.01,-3840.51,2128.77,4.61395,5400.0,400.0
5500000,408.078,633.982,9016.77,-2504.75,26.3214,-2474.86,-753.077,1818.66,836.359,3224.72,-1150.08,2043.44,4.62455,5500.0,400.0
5600000,410.024,310.362,9016.77,-2505.32,26.4469,-2477.13,-3175.89,4607.21,-500.23,2043.69,-1884.77,3794.14,4.61431,5600.0,400.0
5700000,400.497,-868.354,9016.77,-2506.78,25.8324,-2485.83,-3074.6,-245.342,714.88,755.835,-3448.44,1817.07,4.60566,5700.0,400.0
5800000,400.39,-429.394,9016.77,-2505.9,25.8255,-2482.49,-1801.77,1762.36,-1248.77,2150.43,-3290.46,2152.12,4.59358,5800.0,400.0
5900000,387.277,-1585.76,9016.77,-2507.02,24.9797,-2490.97,-2146.56,474.231,-3084.95,2087.42,-207.365,1174.59,4.58099,5900.0,400.0
6000000,401.751,-958.379,9016.77,-2506.87,25.9133,-2486.35,-3000.6,704.389,-578.922,2305.04,-143.933,482.099,4.57137,6000.0,400.0
6100000,409.495,-683.116,9016.77,-2505.4,26.4128,-2482.83,-821.305,-310.261,-917.783,526.649,-1330.29,2769.84,4.56137,6100.0,400.0
6200000,437.244,-1139.94,9016.77,-2507.28,28.2026,-2485.5,-3365.04,-441.976,387.204,-1148.11,-3636.03,533.09,4.55086,6200.0,400.0
6300000,396.892,-809.047,9016.77,-2505.99,25.5998,-2484.95,-1050.08,-752.684,-624.377,2466.21,-1098.7,-323.836,4.54114,6300.0,400.0
6400000,406.807,-1492.27,9016.77,-2505.93,26.2394,-2488.09,-4039.58,302.641,-739.888,674.153,-1408.95,2255.35,4.53223,6400.0,400.0
6500000,381.645,-1299.31,9016.77,-2505.91,24.6164,-2488.6,-2798.27,270.892,-1370.56,2151.07,-1904.5,773.894,4.52268,6500.0,400.0
6600000,439.536,310.17,9016.77,-2505.24,28.3504,-2475.14,981.712,1283.81,-1335.01,1028.26,-2550.59,198.622,4.51437,6600.0,400.0
6700000,436.593,-314.324,9016.77,-2506.05,28.1606,-2479.66,-880.226,236.261,-299.007,2100.45,-321.204,1855.59,4.50579,6700.0,400.0
6800000,392.805,98.3206,9016.77,-2505.0,25.3363,-2479.11,-412.77,-103.149,810.881,493.536,-3875.15,2808.3,4.49814,6800.0,400.0
6900000,425.326,-784.83,9016.77,-2507.23,27.4339,-2484.21,-2161.92,516.285,-708.853,-384.617,-1146.84,2830.93,4.48877,6900.0,400.0
7000000,391.235,434.467,9016.77,-2505.28,25.235,-2477.6,-1063.91,2218.31,149.006,1049.66,-3580.3,2765.33,4.48038,7000.0,400.0
7100000,418.488,-1280.94,9016.77,-2505.71,26.9928,-2485.92,-3044.94,513.885,-1311.76,1519.83,-1293.92,542.945,4.47171,7100.0,400.0
7200000,423.492,-541.422,9016.77,-2506.24,27.3156,-2481.98,-1233.06,-308.592,-82.6084,4183.72,-2390.86,135.273,4.46345,7200.0,400.0
7300000,408.381,-230.11,9016.77,-2503.72,26.3409,-2478.67,-4214.52,2574.81,949.383,702.826,-2350.36,2574.3,4.45424,7300.0,400.0
7400000,390.071,-710.364,9016.77,-2506.02,25.1599,-2484.86,-2159.58,-770.254,798.736,392.136,477.588,1425.8,4.44466,7400.0,400.0
7500000,409.672,-581.852,9016.77,-2504.96,26.4242,-2481.82,-2688.7,3275.77,-2332.63,74.84,-3074.89,2306.27,4.43902,7500.0,400.0
7600000,406.037,-756.833,9016.77,-2506.24,26.1897,-2484.31,-2220.55,146.252,-196.199,1467.22,-2673.58,351.336,4.43379,7600.0,400.0
7700000,385.681,658.121,9016.77,-2504.23,24.8767,-2475.65,-2089.84,2077.71,1986.49,2571.53,-2392.05,1401.92,4.42744,7700.0,400.0
7800000,385.745,-1233.27,9016.77,-2505.7,24.8809,-2487.76,-821.408,-21.2792,-2857.13,1459.24,-876.213,2706.61,4.42184,7800.0,400.0
7900000,390.481,-432.73,9016.77,-2505.55,25.1863,-2482.8,-4269.65,2583.0,388.458,2737.95,-1219.1,1232.37,4.41457,7900.0,400.0
8000000,372.839,-2045.76,9016.77,-2506.12,24.0484,-2493.58,-4035.4,872.981,-2974.87,417.492,-1849.4,1954.99,4.40695,8000.0,400.0
8100000,428.68,-830.476,9016.77,-2505.9,27.6502,-2482.93,-336.741,-2457.55,302.86,-84.9,-3371.11,2449.52,4.4012,8100.0,400.0
8200000,378.276,-479.152,9016.77,-2504.27,24.3991,-2482.57,-1724.2,468.726,-181.986,1631.26,-1578.55,1590.44,4.39625,8200.0,400.0
8300000,403.865,-376.61,9016.77,-2506.74,26.0496,-2482.81,-389.474,-771.161,30.8061,3182.05,-2703.11,595.511,4.39127,8300.0,400.0
8400000,400.539,-391.343,9016.77,-2505.84,25.8351,-2482.21,-2546.27,2011.65,-639.401,-1155.41,-2692.6,1645.58,4.38442,8400.0,400.0
8500000,391.877,-1252.41,9016.77,-2506.43,25.2764,-2488.2,-1903.55,-40.0118,-1813.68,1734.28,-2359.59,-405.123,4.37863,8500.0,400.0
8600000,405.339,-1452.9,9016.77,-2506.46,26.1447,-2488.49,-2842.93,-467.62,-1048.14,210.618,-504.151,1267.68,4.37279,8600.0,400.0
8700000,412.188,-852.977,9016.77,-2504.86,26.5864,-2483.07,-2755.14,1757.22,-1561.02,939.533,-2430.59,1759.11,4.36842,8700.0,400.0
8800000,405.127,-811.009,9016.77,-2504.7,26.131,-2483.14,-3696.2,1491.92,-228.75,265.556,-1430.27,270.022,4.36481,8800.0,400.0
8900000,411.053,1337.39,9016.77,-2504.37,26.5133,-2470.33,-497.993,1294.86,3215.3,2621.33,-3330.53,1696.13,4.36098,8900.0,400.0
9000000,377.033,394.852,9016.77,-2504.91,24.3189,-2478.37,-1051.13,511.347,1724.34,1791.08,-855.771,2793.82,4.35598,9000.0,400.0
9100000,407.759,-1159.77,9016.77,-2505.93,26.3008,-2486.16,-954.193,-1252.02,-1273.11,-178.29,-2530.5,1893.65,4.35158,9100.0,400.0
9200000,391.159,-990.385,9016.77,-2506.56,25.2301,-2486.91,-659.726,880.285,-3191.71,440.089,125.144,281.071,4.3475,9200.0,400.0
9300000,400.044,1270.15,9016.77,-2504.73,25.8031,-2471.78,-998.019,2659.03,2149.43,1072.42,-1677.89,842.411,4.34157,9300.0,400.0
9400000,387.661,-952.276,9016.77,-2506.19,25.0044,-2486.55,-4744.89,402.879,1485.18,1843.88,-638.886,2979.94,4.33644,9400.0,400.0
9500000,392.343,-646.036,9016.77,-2504.78,25.3064,-2483.11,-1973.22,800.533,-765.425,-840.276,-807.185,2097.64,4.33257,9500.0,400.0
9600000,425.333,16.4164,9016.77,-2505.83,27.4343,-2478.3,-1152.26,423.853,777.66,2296.24,-830.022,1591.16,4.32843,9600.0,400.0
9700000,386.003,-6.83436,9016.77,-2505.67,24.8975,-2480.81,949.61,1023.26,-1993.38,4.58167,-606.678,2858.37,4.32388,9700.0,400.0
9800000,394.534,20.4806,9016.77,-2506.17,25.4478,-2480.61,938.524,-167.589,-709.493,1823.34,-1072.43,2684.58,4.32102,9800.0,400.0
9900000,388.252,-747.823,9016.77,-2505.39,25.0426,-2484.56,-2628.52,-1147.73,1532.78,1879.6,-2360.69,723.662,4.31604,9900.0,400.0
10000000,407.745,-858.443,9016.77,-2505.87,26.2999,-2484.4,-1324.88,-1823.65,573.196,-24.4932,-1665.43,986.834,4.31132,10000.0,400.0
