TimeStep,temp,pressure,vol,pe,ke,enthalpy,pxx,pyy,pzz,pxy,pxz,pyz,visc,time,hold_temp
0,1551.29,2011.4,9369.96,-2232.38,100.059,-2120.56,5002.9,1685.36,-654.066,1067.44,1395.76,3328.99,0.0010685,0.0,1500.0
100000,1442.11,-1549.26,9369.96,-2237.96,93.0175,-2154.01,-5.93006,-6812.63,2170.78,-4128.03,2266.86,-1151.25,0.0102263,100.0,1500.0
200000,1540.59,4980.17,9369.96,-2234.28,99.3694,-2105.78,7026.81,6069.26,1844.45,-122.827,2872.07,-170.376,0.000239452,200.0,1500.0
300000,1530.44,4313.13,9369.96,-2226.12,98.7146,-2102.18,5996.56,1376.49,5566.35,-7200.07,-2036.97,2862.31,0.00181135,300.0,1500.0
400000,1535.09,2826.24,9369.96,-2237.15,99.0143,-2121.61,4239.06,1441.74,2797.93,-2199.34,-410.512,2489.1,0.00178795,400.0,1500.0
500000,1427.2,-835.761,9369.96,-2235.66,92.0555,-2148.49,-1082.45,-4645.1,3220.27,1704.15,-4016.23,1957.51,0.0016117,500.0,1500.0
600000,1612.36,2160.9,9369.96,-2237.17,103.999,-2120.54,3264.57,-1511.28,4729.41,-1616.59,-195.807,-1895.56,0.00161303,600.0,1500.0
700000,1486.91,3362.49,9369.96,-2232.68,95.9072,-2117.11,2987.1,2930.06,4170.31,-436.334,-3641.21,-1466.92,0.00356909,700.0,1500.0
800000,1440.87,4143.06,9369.96,-2234.41,92.9371,-2117.24,6825.94,7381.15,-1777.9,363.141,2044.13,-1152.65,0.0037118,800.0,1500.0
900000,1465.46,3359.62,9369.96,-2235.26,94.5231,-2121.09,5438.95,4604.06,35.8444,-2345.93,-1545.66,-245.596,0.00342701,900.0,1500.0
1000000,1626.23,5520.05,9369.96,-2226.56,104.893,-2089.39,1593.51,4776.15,10190.5,2913.33,3590.71,-1446.46,0.00343922,1000.0,1500.0
1100000,1420.15,7238.03,9369.96,-2227.38,91.601,-2093.45,4100.75,5121.07,12492.3,1811.06,732.362,-1816.7,0.00334374,1100.0,1500.0
1200000,1507.78,1048.46,9369.96,-2240.0,97.253,-2136.62,86.8587,-3762.23,6820.75,5860.57,851.345,2028.14,0.00334698,1200.0,1500.0
1300000,1530.75,5833.59,9369.96,-2232.13,98.7346,-2099.27,4531.76,6038.19,6930.81,2062.62,-702.406,3370.38,0.00347807,1300.0,1500.0
1400000,1505.15,-1199.23,9369.96,-2243.93,97.0835,-2153.86,-1320.94,545.742,-2822.48,917.852,2074.75,-3127.19,0.00312575,1400.0,1500.0
1500000,1496.79,2576.64,9369.96,-2235.62,96.5442,-2124.01,-548.192,4457.31,3820.79,308.909,-2864.06,-260.778,0.00317416,1500.0,1500.0
1600000,1527.78,-735.576,9369.96,-2238.62,98.5429,-2144.37,160.362,-3962.36,1595.27,-1832.59,-270.144,4041.08,0.00314514,1600.0,1500.0
1700000,1483.05,1039.4,9369.96,-2236.44,95.658,-2134.71,2482.3,4247.89,-3611.99,2230.81,542.421,2181.51,0.00321309,1700.0,1500.0
1800000,1479.2,3191.4,9369.96,-2232.44,95.4097,-2118.37,5754.4,2939.22,880.574,292.764,1345.74,-4281.41,0.00311412,1800.0,1500.0
1900000,1398.45,-1256.71,9369.96,-2236.4,90.201,-2153.55,473.971,-1399.52,-2844.57,-4567.9,-4361.21,1464.62,0.00306872,1900.0,1500.0
2000000,1518.67,812.441,9369.96,-2234.69,97.9553,-2131.98,-538.932,2823.35,152.908,5855.61,2508.4,-4834.86,0.0030063,2000.0,1500.0
2100000,1566.07,1399.2,9369.96,-2235.06,101.013,-2125.86,-414.932,1484.09,3128.44,2413.18,-690.986,2310.87,0.00349673,2100.0,1500.0
2200000,1425.24,-305.788,9369.96,-2240.89,91.929,-2150.75,1401.2,1233.2,-3551.76,-2591.24,-280.808,-2184.86,0.00342179,2200.0,1500.0
2300000,1604.85,3319.89,9369.96,-2232.58,103.514,-2109.65,9280.37,-371.933,1051.22,-2795.75,-1883.62,601.388,0.00363235,2300.0,1500.0
2400000,1478.64,2757.25,9369.96,-2227.91,95.3734,-2116.41,3864.69,-3302.6,7709.65,-1642.56,1924.51,-1948.71,0.00366977,2400.0,1500.0
2500000,1630.1,7088.13,9369.96,-2225.55,105.143,-2078.95,11309.2,8221.0,1734.21,-1498.65,-606.689,368.72,0.00352673,2500.0,1500.0
2600000,1410.73,383.197,9369.96,-2233.77,90.9935,-2140.53,-1436.3,-310.055,2895.95,1475.28,-2755.25,-412.981,0.00372115,2600.0,1500.0
2700000,1549.91,1616.56,9369.96,-2234.24,99.9705,-2124.81,-588.971,3993.12,1445.54,-1120.1,724.25,2789.26,0.00403975,2700.0,1500.0
2800000,1526.35,5412.49,9369.96,-2232.07,98.451,-2101.97,3557.15,1957.85,10722.5,1474.35,3230.52,3881.83,0.0040304,2800.0,1500.0
2900000,1557.08,2621.9,9369.96,-2237.2,100.433,-2121.43,2355.03,7658.26,-2147.6,1211.76,-3898.53,-4413.12,0.00406406,2900.0,1500.0
3000000,1574.52,5889.01,9369.96,-2230.94,101.558,-2094.94,5922.91,6120.37,5623.76,-594.662,-844.822,-570.791,0.00416863,3000.0,1500.0
3100000,1593.2,1903.86,9369.96,-2235.61,102.763,-2121.71,1901.16,2799.39,1011.01,1586.47,2919.34,660.006,0.00444088,3100.0,1500.0
3200000,1508.69,2839.45,9369.96,-2236.81,97.3116,-2122.89,7083.16,-2022.08,3457.26,3708.09,1118.82,25.0819,0.00431831,3200.0,1500.0
3300000,1539.86,372.143,9369.96,-2236.87,99.3219,-2135.37,-3673.35,1213.68,3576.1,-336.238,573.376,-2310.35,0.00435018,3300.0,1500.0
3400000,1477.67,2088.52,9369.96,-2236.63,95.3108,-2129.11,2531.85,-568.972,4302.68,188.883,1441.1,-1586.86,0.00438079,3400.0,1500.0
3500000,1529.81,3336.61,9369.96,-2232.81,98.6738,-2114.63,2343.14,667.6,6999.09,3966.94,1227.15,601.405,0.00434027,3500.0,1500.0
3600000,1447.59,3453.44,9369.96,-2235.43,93.3709,-2121.87,2725.04,1711.83,5923.46,-362.451,-3351.31,1787.53,0.00464761,3600.0,1500.0
3700000,1512.44,5346.8,9369.96,-2228.36,97.5538,-2099.53,9421.74,4666.29,1952.35,-2449.45,139.711,1705.5,0.00492577,3700.0,1500.0
3800000,1470.72,2670.45,9369.96,-2234.98,94.8627,-2124.5,5796.47,1463.7,751.185,-1203.27,5145.79,-3631.42,0.00485663,3800.0,1500.0
3900000,1550.51,6951.36,9369.96,-2228.22,100.009,-2087.56,9563.97,6824.52,4465.59,1014.43,471.437,-2463.57,0.00480298,3900.0,1500.0
4000000,1497.0,10907.4,9369.96,-2221.23,96.5577,-2060.88,7256.58,13548.7,11917.0,-1618.14,80.7374,-8003.5,0.00479861,4000.0,1500.0
4100000,1465.81,8517.86,9369.96,-2225.02,94.5459,-2080.66,7729.48,8693.18,9130.91,-136.398,-26.8646,4370.29,0.00477298,4100.0,1500.0
4200000,1465.07,-2241.68,9369.96,-2243.25,94.4983,-2161.86,-5504.32,-1324.87,104.136,-513.629,23.2533,1678.3,0.0048399,4200.0,1500.0
4300000,1504.86,1825.48,9369.96,-2235.18,97.0646,-2127.44,-1977.39,3098.38,4355.45,941.955,-5563.43,2129.84,0.00494606,4300.0,1500.0
4400000,1565.39,3626.58,9369.96,-2233.38,100.969,-2111.2,2859.98,6973.41,1046.36,2749.27,2641.68,2847.85,0.0050286,4400.0,1500.0
4500000,1566.44,501.01,9369.96,-2239.89,101.037,-2135.93,344.522,1184.94,-26.4319,-1826.18,334.555,3828.98,0.00500056,4500.0,1500.0
4600000,1601.47,5986.58,9369.96,-2235.22,103.296,-2096.91,4062.1,4107.1,9790.54,1375.82,-1474.45,1651.28,0.00486297,4600.0,1500.0
4700000,1474.83,1883.62,9369.96,-2234.88,95.1275,-2128.74,-605.383,7432.08,-1175.84,-162.19,-754.755,696.818,0.00484488,4700.0,1500.0
4800000,1546.87,2571.74,9369.96,-2234.67,99.7744,-2119.85,141.414,3962.58,3611.23,-2827.02,1346.75,-2098.07,0.00486961,4800.0,1500.0
4900000,1507.05,6179.39,9369.96,-2226.89,97.2059,-2093.55,-202.853,9367.96,9373.06,-2763.78,-4083.92,2084.87,0.00482203,4900.0,1500.0
5000000,1515.25,3535.4,9369.96,-2233.5,97.7346,-2115.09,585.676,-474.789,10495.3,-3147.34,59.5719,274.991,0.00478401,5000.0,1500.0
5100000,1446.96,6765.92,9369.96,-2230.38,93.3304,-2097.49,2731.88,7903.22,9662.68,-2394.39,-810.827,1550.96,0.00478997,5100.0,1500.0
5200000,1481.36,3037.82,9369.96,-2232.56,95.5492,-2119.25,1989.22,7361.48,-237.237,5580.93,-3547.01,-443.607,0.00477528,5200.0,1500.0
5300000,1547.16,1785.75,9369.96,-2237.55,99.7929,-2127.31,-2157.6,4860.85,2653.99,570.67,-243.497,-3402.03,0.00480167,5300.0,1500.0
5400000,1569.32,2955.9,9369.96,-2234.09,101.223,-2115.58,2104.21,2664.25,4099.23,-846.917,-4992.94,1394.94,0.00470752,5400.0,1500.0
5500000,1446.26,4110.56,9369.96,-2230.8,93.2851,-2113.48,4709.34,-625.713,8248.07,2258.16,-1288.56,-1553.62,0.00455921,5500.0,1500.0
5600000,1521.39,1205.23,9369.96,-2237.08,98.131,-2131.9,418.262,3490.68,-293.245,-710.196,-3461.05,2187.87,0.00469388,5600.0,1500.0
5700000,1455.88,756.098,9369.96,-2234.2,93.9055,-2135.88,1940.57,-561.568,889.287,-3455.86,-3227.15,1540.22,0.00464936,5700.0,1500.0
5800000,1476.21,108.549,9369.96,-2240.34,95.2169,-2144.49,2444.89,-873.246,-1246.0,207.067,-1933.75,870.04,0.00459376,5800.0,1500.0
5900000,1493.66,642.314,9369.96,-2237.72,96.3422,-2137.63,-119.84,-952.047,2998.83,-4409.08,2339.2,5244.21,0.00456616,5900.0,1500.0
6000000,1494.42,5524.46,9369.96,-2232.77,96.3914,-2104.07,4448.24,5604.96,6520.19,-1026.93,-2834.87,4038.25,0.00451668,6000.0,1500.0
6100000,1478.77,3058.21,9369.96,-2233.13,95.3819,-2119.87,10830.3,4244.03,-5899.67,-3515.1,1764.32,2954.29,0.00448057,6100.0,1500.0
6200000,1503.16,5061.82,9369.96,-2230.01,96.9548,-2103.45,5801.24,3990.51,5393.71,-2490.65,-834.325,-1104.56,0.00439903,6200.0,1500.0
6300000,1507.1,4254.56,9369.96,-2232.13,97.2091,-2110.04,6342.48,-5312.95,11734.1,-1757.97,-745.74,-228.539,0.00436905,6300.0,1500.0
6400000,1600.73,1246.26,9369.96,-2241.66,103.248,-2131.13,374.71,2642.95,721.117,-812.221,870.541,4342.85,0.0044986,6400.0,1500.0
6500000,1459.19,5113.86,9369.96,-2231.61,94.1192,-2107.59,7996.08,-246.232,7591.73,-82.1671,-816.533,-5458.11,0.00438947,6500.0,1500.0
6600000,1462.35,2406.1,9369.96,-2231.29,94.3229,-2122.89,4919.09,-1655.59,3954.79,-3203.29,-3345.49,-664.202,0.00441586,6600.0,1500.0
6700000,1476.78,3212.02,9369.96,-2233.87,95.2538,-2119.83,5066.71,1569.85,2999.49,-410.731,1322.85,626.781,0.00443574,6700.0,1500.0
6800000,1558.42,492.144,9369.96,-2237.45,100.52,-2134.06,-2421.37,-215.143,4112.94,386.935,735.382,705.092,0.00449218,6800.0,1500.0
6900000,1521.84,7789.61,9369.96,-2232.03,98.1599,-2088.31,6650.43,6897.06,9821.33,5023.89,6880.63,-3597.68,0.00441846,6900.0,1500.0
7000000,1403.17,-1058.12,9369.96,-2239.9,90.5059,-2155.58,2525.02,1857.77,-7557.15,-1502.55,-2134.6,417.985,0.00436501,7000.0,1500.0
7100000,1502.54,4491.31,9369.96,-2229.51,96.9152,-2106.33,2699.84,2191.99,8582.09,-7550.05,3685.6,1351.09,0.00429925,7100.0,1500.0
7200000,1522.6,3536.54,9369.96,-2230.23,98.2088,-2111.34,2589.76,6489.07,1530.78,-226.794,-2804.82,576.633,0.00429733,7200.0,1500.0
7300000,1558.83,7089.58,9369.96,-2224.6,100.546,-2082.6,7154.84,7260.13,6853.76,-5661.23,-1222.48,720.15,0.00431069,7300.0,1500.0
7400000,1474.13,2165.59,9369.96,-2234.38,95.0825,-2126.63,3317.39,-2318.1,5497.47,-769.083,391.286,-1955.95,0.004377,7400.0,1500.0
7500000,1577.29,3558.61,9369.96,-2231.77,101.737,-2109.22,3136.3,-316.367,7855.91,-913.703,-1828.7,-241.47,0.00435489,7500.0,1500.0
7600000,1599.92,2729.88,9369.96,-2236.33,103.196,-2117.17,5091.45,-3570.67,6668.86,3996.33,1647.7,-4227.25,0.00437102,7600.0,1500.0
7700000,1483.74,2718.66,9369.96,-2234.19,95.7027,-2122.58,2661.95,3104.07,2389.98,-481.41,-162.076,892.929,0.00439468,7700.0,1500.0
7800000,1498.74,938.577,9369.96,-2237.5,96.6702,-2135.34,7043.57,-3503.2,-724.64,3049.65,1870.54,-804.575,0.00439624,7800.0,1500.0
7900000,1522.66,707.55,9369.96,-2238.2,98.2128,-2135.85,3891.3,-836.319,-932.33,2054.88,-2255.05,-3124.66,0.00430791,7900.0,1500.0
8000000,1493.44,1381.16,9369.96,-2236.49,96.328,-2132.08,-930.576,-850.742,5924.8,2474.9,318.663,-117.885,0.00429194,8000.0,1500.0
8100000,1463.11,3362.0,9369.96,-2230.27,94.3716,-2116.23,1550.94,6249.39,2285.66,35.4019,615.614,-1467.69,0.00431192,8100.0,1500.0
8200000,1429.06,498.868,9369.96,-2232.89,92.1753,-2137.8,-3758.3,1728.89,3526.01,-4653.34,-978.319,-2164.71,0.00433647,8200.0,1500.0
8300000,1498.64,3129.05,9369.96,-2232.95,96.6634,-2117.98,4594.58,2918.99,1873.59,4237.54,-593.409,-2387.56,0.00426257,8300.0,1500.0
8400000,1478.04,-1713.65,9369.96,-2239.12,95.3346,-2153.81,-2938.79,-6663.96,4461.8,-4066.56,-466.2,-254.712,0.00426103,8400.0,1500.0
8500000,1594.8,5208.35,9369.96,-2233.54,102.866,-2100.22,7681.84,6415.05,1528.15,-5708.44,-379.671,-1596.62,0.00422551,8500.0,1500.0
8600000,1461.07,-1490.2,9369.96,-2235.51,94.2399,-2149.98,-2640.52,282.75,-2112.82,650.373,973.025,2468.23,0.00420335,8600.0,1500.0
8700000,1452.82,218.433,9369.96,-2236.99,93.7081,-2142.01,1594.61,-1753.24,813.929,3151.62,-1432.47,-3828.27,0.00419121,8700.0,1500.0
8800000,1550.0,4444.53,9369.96,-2234.85,99.9765,-2108.88,5629.49,3591.1,4112.99,-2036.99,2375.67,267.682,0.00419383,8800.0,1500.0
8900000,1550.83,4094.01,9369.96,-2235.05,100.03,-2111.07,6260.32,4384.67,1637.03,-3692.48,376.752,3353.19,0.00424955,8900.0,1500.0
9000000,1503.07,8939.07,9369.96,-2225.01,96.949,-2075.78,12345.9,4558.2,9913.08,-394.787,-938.882,-2308.56,0.00429435,9000.0,1500.0
9100000,1556.96,4270.83,9369.96,-2231.93,100.425,-2106.53,7591.89,3058.81,2161.77,1459.13,1726.67,170.257,0.00427165,9100.0,1500.0
9200000,1535.96,3646.08,9369.96,-2229.58,99.0708,-2109.18,727.808,4845.82,5364.6,-2858.83,-1728.52,-1670.57,0.00420483,9200.0,1500.0
9300000,1507.92,-104.784,9369.96,-2236.49,97.2623,-2139.84,-2958.87,2269.68,374.834,1606.25,-4364.84,-7786.64,0.00422698,9300.0,1500.0
9400000,1488.01,5988.9,9369.96,-2228.79,95.9778,-2097.79,9630.33,4943.22,3393.16,-813.828,-1412.88,795.205,0.00419503,9400.0,1500.0
9500000,1512.81,1039.34,9369.96,-2236.9,97.5778,-2133.25,8004.29,-1259.88,-3626.4,-4976.65,-207.239,194.177,0.00426335,9500.0,1500.0
9600000,1496.3,1339.19,9369.96,-2237.27,96.5126,-2132.92,3116.62,738.684,162.282,-3936.4,-4271.39,-1346.31,0.00420297,9600.0,1500.0
9700000,1380.53,3477.37,9369.96,-2227.78,89.0451,-2118.4,10123.4,1890.1,-1581.37,-6347.43,-1076.32,938.931,0.00414949,9700.0,1500.0
9800000,1492.06,-974.657,9369.96,-2239.22,96.2393,-2148.68,1400.51,-2827.35,-1497.13,-1244.38,-1916.63,90.7012,0.00419635,9800.0,1500.0
9900000,1464.98,2431.69,9369.96,-2236.6,94.4921,-2127.89,-2544.12,7499.4,2339.79,961.527,-214.962,-5058.75,0.00417501,9900.0,1500.0
10000000,1415.31,-774.879,9369.96,-2235.76,91.2886,-2149.0,-3415.78,-1405.37,2496.51,-3736.93,-372.024,-68.2726,0.00419706,10000.0,1500.0
