TimeStep,temp,pressure,vol,pe,ke,enthalpy,pxx,pyy,pzz,pxy,pxz,pyz,visc,time,hold_temp
0,1254.29,-979.202,9908.11,-2558.45,80.9024,-2483.6,883.026,-1542.02,-2278.61,220.803,1106.19,4527.92,0.00217031,0.0,1200.0
100000,1180.62,1596.81,9908.11,-2552.62,76.1512,-2466.59,1741.56,2178.98,869.879,2240.77,8131.55,-2058.7,0.0142211,100.0,1200.0
200000,1164.84,-85.7997,9908.11,-2552.02,75.1331,-2477.42,-5740.01,2831.46,2651.15,-3023.69,4281.17,-3124.91,0.00932219,200.0,1200.0
300000,1150.05,5118.69,9908.11,-2542.25,74.1794,-2436.41,5812.52,8487.71,1055.84,-1505.84,-1075.96,370.493,0.0207372,300.0,1200.0
400000,1238.35,4423.93,9908.11,-2549.16,79.8745,-2441.93,8863.21,-463.426,4872.01,-4672.77,3839.17,395.375,0.0222473,400.0,1200.0
500000,1139.23,2414.71,9908.11,-2552.04,73.4813,-2463.62,531.565,6598.34,114.234,283.744,-672.295,-1532.72,0.0216751,500.0,1200.0
600000,1174.37,5175.56,9908.11,-2547.44,75.7478,-2439.69,3982.24,5609.55,5934.89,2356.44,-4240.8,1394.27,0.0171001,600.0,1200.0
700000,1242.38,2590.05,9908.11,-2551.21,80.1343,-2455.06,948.162,801.466,6020.51,4941.81,341.295,-3460.39,0.0132573,700.0,1200.0
800000,1217.71,2231.93,9908.11,-2552.42,78.5432,-2460.07,4118.4,6438.89,-3861.5,2802.82,616.179,915.528,0.010961,800.0,1200.0
900000,1229.33,4066.64,9908.11,-2551.02,79.2928,-2446.57,9384.17,-1160.41,3976.15,122.776,4033.02,-2611.63,0.012489,900.0,1200.0
1000000,1187.91,401.955,9908.11,-2557.44,76.621,-2478.34,5413.8,-3721.5,-486.434,3003.38,-2597.8,-361.095,0.0112969,1000.0,1200.0
1100000,1173.54,-1382.28,9908.11,-2558.29,75.6944,-2491.14,-1845.88,-2016.69,-284.279,3192.42,-1754.8,2853.93,0.0109807,1100.0,1200.0
1200000,1174.95,654.236,9908.11,-2549.25,75.7855,-2469.42,4119.82,1743.81,-3900.92,-2092.75,2490.65,1923.69,0.0109646,1200.0,1200.0
1300000,1173.09,1098.85,9908.11,-2549.3,75.6655,-2466.84,-1323.05,3863.77,755.831,-1881.11,5774.09,-3784.29,0.0102476,1300.0,1200.0
1400000,1230.64,2517.57,9908.11,-2550.73,79.3774,-2455.78,6719.96,-554.556,1387.31,1281.21,-500.309,2021.73,0.0097469,1400.0,1200.0
1500000,1211.27,4877.48,9908.11,-2542.17,78.1276,-2433.88,5135.7,9070.91,425.841,362.086,-218.794,5565.62,0.00955411,1500.0,1200.0
1600000,1122.51,2759.72,9908.11,-2551.41,72.403,-2461.94,-485.225,5091.27,3673.1,-4674.6,2196.4,4740.74,0.0129612,1600.0,1200.0
1700000,1170.65,3303.3,9908.11,-2547.32,75.5078,-2451.38,4005.69,5160.81,743.415,-953.609,-612.739,937.745,0.010881,1700.0,1200.0
1800000,1117.38,4576.73,9908.11,-2545.47,72.072,-2445.09,3026.07,6100.25,4603.85,-1459.6,-1728.52,3027.5,0.0103417,1800.0,1200.0
1900000,1122.06,2070.39,9908.11,-2550.89,72.3736,-2465.71,-1796.72,120.688,7887.19,3802.51,-805.97,2620.73,0.0103695,1900.0,1200.0
2000000,1232.2,1006.3,9908.11,-2554.44,79.4777,-2468.74,1341.13,-4109.18,5786.95,-2059.0,1163.62,-1849.57,0.01025,2000.0,1200.0
2100000,1092.89,1477.67,9908.11,-2552.22,70.4924,-2472.59,-554.133,-143.562,5130.7,3822.26,1396.46,-1309.66,0.0100571,2100.0,1200.0
2200000,1209.28,3055.91,9908.11,-2547.32,77.9997,-2450.42,3991.16,4590.89,585.665,1851.78,867.929,2506.61,0.0106901,2200.0,1200.0
2300000,1169.77,2492.0,9908.11,-2552.4,75.4513,-2461.53,4620.25,6007.28,-3151.53,-615.71,-1929.31,-4559.02,0.010438,2300.0,1200.0
2400000,1139.29,-165.443,9908.11,-2553.24,73.4852,-2480.78,881.493,-1373.21,-4.60961,-860.647,-1991.02,1056.37,0.00985398,2400.0,1200.0
2500000,1200.01,3691.63,9908.11,-2543.27,77.4015,-2443.04,10614.2,-1414.19,1874.86,3837.33,3309.12,4806.44,0.00950812,2500.0,1200.0
2600000,1214.49,1313.29,9908.11,-2553.48,78.3357,-2467.02,6962.22,-2252.73,-769.633,1296.38,-2583.29,-2099.23,0.0093271,2600.0,1200.0
2700000,1178.44,1388.73,9908.11,-2546.91,76.0105,-2462.31,536.45,1047.15,2582.58,348.598,1301.32,-911.005,0.00920951,2700.0,1200.0
2800000,1163.71,1841.17,9908.11,-2549.05,75.0599,-2462.61,2001.41,1351.67,2170.44,1547.77,-1438.3,3431.52,0.00901053,2800.0,1200.0
2900000,1160.8,2279.02,9908.11,-2551.94,74.8725,-2462.98,2430.29,-1266.32,5673.09,719.413,-1825.66,-1578.98,0.00942695,2900.0,1200.0
3000000,1264.35,2223.42,9908.11,-2551.43,81.5518,-2456.13,1601.61,4607.44,461.203,-2510.32,3471.23,849.47,0.0097799,3000.0,1200.0
3100000,1217.86,843.379,9908.11,-2548.7,78.5529,-2464.93,-1660.77,6042.91,-1852.01,236.707,-1048.36,-3553.47,0.00915939,3100.0,1200.0
3200000,1183.79,1856.02,9908.11,-2555.07,76.3551,-2467.24,5891.49,-2127.31,1803.88,-467.006,-1888.54,2338.69,0.00928703,3200.0,1200.0
3300000,1163.65,2091.71,9908.11,-2545.29,75.0563,-2457.29,7841.49,-3274.25,1707.88,421.577,2020.04,-1948.09,0.00953885,3300.0,1200.0
3400000,1230.46,1950.21,9908.11,-2554.41,79.3658,-2462.99,3432.2,2320.57,97.8419,-2284.62,-353.918,1684.1,0.00918819,3400.0,1200.0
3500000,1167.41,3725.82,9908.11,-2547.22,75.2987,-2448.88,172.109,10187.9,817.491,4785.62,-3537.44,-4661.98,0.00902712,3500.0,1200.0
3600000,1185.82,2908.53,9908.11,-2547.93,76.486,-2453.46,-2998.95,3349.53,8375.02,-1426.66,-643.569,535.572,0.0103223,3600.0,1200.0
3700000,1142.89,7096.65,9908.11,-2544.35,73.7172,-2426.74,7678.68,11406.4,2204.89,2736.52,2064.42,1248.57,0.00988207,3700.0,1200.0
3800000,1202.91,2538.11,9908.11,-2549.81,77.5887,-2456.52,1570.62,-501.278,6544.98,-3574.95,352.547,156.279,0.00977683,3800.0,1200.0
3900000,1172.47,1521.43,9908.11,-2551.96,75.6256,-2466.93,58.7635,5422.13,-916.584,-3700.99,152.295,-5764.68,0.0114992,3900.0,1200.0
4000000,1213.02,2953.05,9908.11,-2545.9,78.2405,-2449.39,282.432,5638.75,2937.97,-3124.31,471.159,707.461,0.0122252,4000.0,1200.0
4100000,1232.62,2513.7,9908.11,-2549.3,79.5048,-2454.25,1788.5,2404.55,3348.05,121.297,936.58,1228.74,0.0115342,4100.0,1200.0
4200000,1237.26,5625.28,9908.11,-2542.9,79.8045,-2428.31,7300.72,8686.17,888.948,531.941,-723.916,1436.41,0.011188,4200.0,1200.0
4300000,1207.45,2938.91,9908.11,-2547.51,77.8815,-2451.45,3065.29,-1112.22,6863.67,1638.83,1264.58,-1852.0,0.0112743,4300.0,1200.0
4400000,1185.1,641.222,9908.11,-2551.44,76.4402,-2471.04,59.6744,3655.99,-1792.0,-2446.79,1205.92,-582.566,0.0113588,4400.0,1200.0
4500000,1116.9,288.554,9908.11,-2551.21,72.0411,-2477.38,2378.54,-1586.18,73.3007,-3064.88,-2061.48,-2035.71,0.0110461,4500.0,1200.0
4600000,1182.19,306.645,9908.11,-2555.72,76.2522,-2477.58,-2124.34,85.0012,2959.27,-1968.21,422.328,1222.33,0.01117,4600.0,1200.0
4700000,1141.65,2864.14,9908.11,-2549.96,73.6372,-2458.61,1312.1,5299.97,1980.37,66.6361,-1150.55,-545.983,0.0115502,4700.0,1200.0
4800000,1132.13,5505.37,9908.11,-2539.46,73.0234,-2432.39,8365.34,702.867,7447.91,-563.515,-2065.35,1073.84,0.0113067,4800.0,1200.0
4900000,1221.94,4090.51,9908.11,-2543.95,78.8161,-2439.84,6462.92,3038.84,2769.77,-2484.07,1379.34,158.529,0.0110358,4900.0,1200.0
5000000,1189.98,418.198,9908.11,-2549.35,76.7548,-2470.01,49.4869,-1104.19,2309.3,-161.278,-4908.06,3443.66,0.01097,5000.0,1200.0
5100000,1295.79,3398.03,9908.11,-2547.07,83.5798,-2442.48,6101.42,3448.49,644.171,-2673.02,2247.42,548.216,0.011448,5100.0,1200.0
5200000,1246.12,897.332,9908.11,-2548.12,80.376,-2462.2,551.184,-3443.02,5583.84,4876.56,2404.44,3509.65,0.0111585,5200.0,1200.0
5300000,1083.62,-1462.17,9908.11,-2553.48,69.8942,-2492.63,990.568,-4005.91,-1371.15,834.42,-427.114,-1477.11,0.0110627,5300.0,1200.0
5400000,1210.47,4127.75,9908.11,-2552.9,78.0763,-2449.29,1679.37,8076.64,2627.25,2274.93,-4494.73,3000.58,0.0108599,5400.0,1200.0
5500000,1243.56,3777.03,9908.11,-2547.57,80.2108,-2444.0,6726.44,-2688.71,7293.37,2135.08,-641.99,704.34,0.0107822,5500.0,1200.0
5600000,1222.79,2013.74,9908.11,-2550.46,78.8711,-2459.14,999.508,1838.83,3202.87,-761.736,1153.33,-1064.97,0.010988,5600.0,1200.0
5700000,1174.46,1917.31,9908.11,-2549.34,75.7533,-2461.73,4768.27,2543.02,-1559.36,1446.43,-3707.59,937.0,0.0105025,5700.0,1200.0
5800000,1215.21,2987.02,9908.11,-2554.98,78.382,-2458.12,-1108.01,5622.99,4446.08,3799.09,94.3137,-284.363,0.0102653,5800.0,1200.0
5900000,1259.1,2357.76,9908.11,-2546.5,81.2129,-2450.71,-1211.41,5870.32,2414.36,-913.89,3146.15,4899.55,0.0102005,5900.0,1200.0
6000000,1217.3,6131.1,9908.11,-2542.54,78.517,-2426.11,3417.63,8572.26,6403.42,-2452.12,2796.04,485.557,0.0102174,6000.0,1200.0
6100000,1159.58,830.582,9908.11,-2552.38,74.7936,-2472.45,-2017.21,1733.64,2775.31,74.1561,815.743,1443.46,0.0104605,6100.0,1200.0
6200000,1156.77,-618.109,9908.11,-2551.16,74.6124,-2480.37,5556.88,-5302.38,-2108.82,-3463.9,-3306.88,-4014.18,0.010617,6200.0,1200.0
6300000,1202.21,2677.7,9908.11,-2550.88,77.5436,-2456.78,7952.96,1491.78,-1411.63,675.134,454.968,274.189,0.0105203,6300.0,1200.0
6400000,1152.33,993.327,9908.11,-2551.6,74.3263,-2471.14,1828.08,972.872,179.026,632.148,-228.952,-1836.53,0.0103459,6400.0,1200.0
6500000,1189.52,1783.76,9908.11,-2549.77,76.725,-2462.01,169.633,418.828,4762.81,3132.61,1621.7,-2157.84,0.0101025,6500.0,1200.0
6600000,1110.52,1525.03,9908.11,-2547.29,71.6296,-2466.23,3594.84,1499.0,-518.747,-5627.61,1703.74,909.154,0.0102229,6600.0,1200.0
6700000,1207.34,1523.34,9908.11,-2549.08,77.8746,-2461.79,-1839.93,3270.5,3139.44,-2140.74,1968.55,-83.1389,0.0105363,6700.0,1200.0
6800000,1220.71,2105.66,9908.11,-2547.96,78.7365,-2456.2,-163.73,2199.18,4281.54,3396.91,-1055.96,871.013,0.0106144,6800.0,1200.0
6900000,1177.11,4601.27,9908.11,-2547.47,75.9245,-2443.09,5678.11,4193.9,3931.8,572.361,-655.57,-1228.74,0.0104955,6900.0,1200.0
7000000,1235.96,-67.8818,9908.11,-2555.46,79.7204,-2476.16,1005.79,3556.57,-4766.01,-26.9897,-2511.75,-2493.71,0.0103154,7000.0,1200.0
7100000,1186.96,3484.57,9908.11,-2546.35,76.5598,-2448.24,6395.51,2485.35,1572.86,898.366,-1859.13,-1961.6,0.0102761,7100.0,1200.0
7200000,1178.05,1273.35,9908.11,-2550.26,75.985,-2466.4,889.644,-2220.97,5151.37,-4778.37,-5373.19,-307.278,0.0104468,7200.0,1200.0
7300000,1252.92,4407.65,9908.11,-2549.02,80.8144,-2440.95,7331.75,5284.45,606.749,1095.02,-1066.54,-3066.43,0.0102462,7300.0,1200.0
7400000,1153.44,2596.98,9908.11,-2548.56,74.3979,-2458.1,781.251,319.932,6689.77,2715.6,239.649,-46.1573,0.0101046,7400.0,1200.0
7500000,1159.19,179.786,9908.11,-2550.28,74.769,-2474.4,524.945,-4368.5,4382.91,-1315.59,-652.781,1085.97,0.0103613,7500.0,1200.0
7600000,1275.22,2805.21,9908.11,-2548.56,82.2526,-2448.96,1021.46,4017.47,3376.7,2160.76,-4104.55,173.69,0.0100579,7600.0,1200.0
7700000,1190.8,772.939,9908.11,-2548.92,76.8078,-2467.33,-1504.9,2234.57,1589.15,-4273.43,-2386.96,-115.059,0.0101428,7700.0,1200.0
7800000,1161.85,4484.65,9908.11,-2543.15,74.9404,-2440.48,2692.7,4714.93,6046.33,-325.767,3170.43,-288.791,0.0102279,7800.0,1200.0
7900000,1201.04,1645.44,9908.11,-2550.8,77.4678,-2463.15,-2586.76,2112.17,5410.92,-2963.82,-1002.59,842.165,0.0102215,7900.0,1200.0
8000000,1198.02,883.588,9908.11,-2555.91,77.2732,-2473.17,937.197,2277.34,-563.777,7006.34,-810.444,3749.54,0.0102096,8000.0,1200.0
8100000,1209.04,4303.82,9908.11,-2544.59,77.9838,-2439.99,1923.99,4401.57,6585.9,-1150.11,-859.374,-1317.09,0.0102951,8100.0,1200.0
8200000,1188.18,351.634,9908.11,-2548.51,76.6383,-2469.7,-3427.59,3799.19,683.302,-1610.53,568.215,-4667.7,0.0102499,8200.0,1200.0
8300000,1162.4,708.095,9908.11,-2552.63,74.9758,-2473.28,3336.76,567.862,-1780.33,1032.08,-1472.32,348.705,0.0103866,8300.0,1200.0
8400000,1162.74,805.111,9908.11,-2553.61,74.9978,-2473.63,3047.94,2685.6,-3318.21,936.649,589.536,609.259,0.01069,8400.0,1200.0
8500000,1237.4,1437.18,9908.11,-2549.71,79.8131,-2461.01,3166.76,666.794,477.983,1675.28,-1610.44,-3289.82,0.0104442,8500.0,1200.0
8600000,1208.89,3401.62,9908.11,-2548.28,77.9744,-2449.27,3325.14,4209.33,2670.39,3176.91,-1089.88,1974.25,0.0106511,8600.0,1200.0
8700000,1220.9,1138.94,9908.11,-2547.4,78.7488,-2461.6,1683.69,889.291,843.857,-1020.48,-814.61,-3538.69,0.0106452,8700.0,1200.0
8800000,1102.01,1079.26,9908.11,-2547.52,71.0807,-2469.77,-5466.51,2475.24,6229.05,-4057.68,1334.99,-269.981,0.0109373,8800.0,1200.0
8900000,1134.19,-48.5434,9908.11,-2549.02,73.1565,-2476.17,-252.774,3628.98,-3521.84,1287.99,-3044.55,-528.885,0.0108204,8900.0,1200.0
9000000,1230.88,3298.24,9908.11,-2547.91,79.3925,-2448.12,7448.74,-253.476,2699.45,-2112.63,-2088.21,-1440.66,0.0108518,9000.0,1200.0
9100000,1201.29,2081.73,9908.11,-2548.9,77.4839,-2458.55,5884.83,-1384.96,1745.31,3067.16,1466.67,1562.99,0.0109197,9100.0,1200.0
9200000,1276.02,2246.84,9908.11,-2551.09,82.304,-2454.89,1742.15,1134.79,3863.58,3557.82,-1963.06,-4677.19,0.0108991,9200.0,1200.0
9300000,1231.42,4078.39,9908.11,-2548.57,79.4279,-2443.93,-266.994,5324.87,7177.29,3693.93,4044.29,949.756,0.0109692,9300.0,1200.0
9400000,1216.47,2495.1,9908.11,-2549.55,78.4632,-2455.65,1712.58,5664.68,108.029,2949.81,2842.02,-2809.62,0.0109758,9400.0,1200.0
9500000,1197.63,3928.25,9908.11,-2548.35,77.248,-2446.81,3592.22,3044.0,5148.53,2649.37,2.75748,1616.91,0.0109162,9500.0,1200.0
9600000,1193.71,2827.06,9908.11,-2550.7,76.9952,-2456.22,4128.81,4783.86,-431.486,-1610.19,-300.615,161.931,0.0108799,9600.0,1200.0
9700000,1102.44,2929.01,9908.11,-2547.54,71.1081,-2458.32,7656.3,1010.93,119.815,1068.74,-1481.56,-1310.92,0.0109215,9700.0,1200.0
9800000,1298.0,4092.41,9908.11,-2545.05,83.722,-2436.01,5529.68,3503.57,3243.98,-3554.95,-744.37,684.297,0.0108763,9800.0,1200.0
9900000,1248.02,1169.4,9908.11,-2553.98,80.498,-2466.25,-1662.67,6418.29,-1247.42,-1322.52,119.143,-4008.6,0.0108477,9900.0,1200.0
10000000,1146.78,-24.4149,9908.11,-2546.78,73.9685,-2472.96,-1367.6,3653.73,-2359.38,-458.436,681.584,3766.21,0.0107668,10000.0,1200.0
