TimeStep,temp,pressure,vol,pe,ke,enthalpy,pxx,pyy,pzz,pxy,pxz,pyz,visc,time,hold_temp
0,355.323,27.0848,8863.97,-2459.26,22.9186,-2436.19,-3641.67,1449.73,2273.2,-1016.65,646.938,2043.69,0.00172084,0.0,350.0
100000,355.803,512.507,8863.97,-2458.04,22.9496,-2432.25,-3464.21,544.878,4456.85,-3133.88,-656.087,3450.84,3.05032,100.0,350.0
200000,339.741,-45.3094,8863.97,-2459.82,21.9135,-2438.16,-4738.34,935.826,3666.59,-617.671,-2265.63,2867.66,2.94852,200.0,350.0
300000,350.02,-31.0241,8863.97,-2461.41,22.5766,-2439.01,-3552.83,-7.47119,3467.23,-183.462,-637.991,920.927,2.86924,300.0,350.0
400000,338.968,-77.2139,8863.97,-2460.4,21.8637,-2438.97,-4256.98,-142.3,4167.64,-1462.21,2018.06,937.069,2.90029,400.0,350.0
500000,349.053,-1150.85,8863.97,-2461.34,22.5142,-2445.19,-6242.19,-1161.13,3950.76,-1404.79,1937.19,1526.06,2.88422,500.0,350.0
600000,359.109,-661.508,8863.97,-2460.36,23.1628,-2440.86,-5041.62,827.861,2229.24,-130.58,662.843,970.032,2.86895,600.0,350.0
700000,335.821,-386.476,8863.97,-2461.07,21.6607,-2441.55,-5277.78,-165.227,4283.58,-1879.32,923.022,1145.51,2.86203,700.0,350.0
800000,371.636,-1588.8,8863.97,-2461.56,23.9708,-2446.38,-6612.27,-419.761,2265.63,21.6456,180.814,3252.96,2.8672,800.0,350.0
900000,364.584,572.386,8863.97,-2458.98,23.516,-2432.3,-2400.01,-166.147,4283.31,-406.197,1965.26,2151.89,2.87647,900.0,350.0
1000000,348.14,-491.972,8863.97,-2460.37,22.4553,-2440.63,-3586.51,-2259.19,4369.78,-1702.04,614.01,1486.9,2.87528,1000.0,350.0
1100000,348.598,-209.695,8863.97,-2459.62,22.4849,-2438.3,-4776.84,2233.12,1914.63,-1508.21,-909.332,2243.08,2.87329,1100.0,350.0
1200000,361.626,587.776,8863.97,-2461.02,23.3252,-2434.44,-2650.99,1541.71,2872.61,-904.652,1147.19,1434.35,2.86837,1200.0,350.0
1300000,340.806,-499.581,8863.97,-2460.27,21.9822,-2441.05,-3844.74,1254.45,1091.54,-2334.92,516.347,2720.4,2.8652,1300.0,350.0
1400000,362.789,-289.812,8863.97,-2460.47,23.4002,-2438.68,-3831.72,-2514.44,5476.72,1550.8,1526.2,2845.32,2.87023,1400.0,350.0
1500000,369.998,-83.1896,8863.97,-2461.25,23.8652,-2437.85,-2587.81,-562.408,2900.65,-863.315,999.043,1746.77,3.02578,1500.0,350.0
1600000,357.917,-784.452,8863.97,-2460.97,23.0859,-2442.23,-4695.28,-905.743,3247.67,-1699.04,-906.182,3898.95,3.27495,1600.0,350.0
1700000,364.855,-207.051,8863.97,-2461.03,23.5334,-2438.64,-6459.22,1103.63,4734.44,-488.905,-840.109,2841.78,3.50211,1700.0,350.0
1800000,353.937,1627.92,8863.97,-2459.39,22.8292,-2427.56,-1369.72,1407.55,4845.92,684.043,-536.31,4311.9,3.71084,1800.0,350.0
1900000,355.631,-32.7578,8863.97,-2459.26,22.9385,-2436.5,-3488.75,-972.921,4363.39,-584.553,1839.23,3676.91,3.89533,1900.0,350.0
2000000,356.879,455.355,8863.97,-2460.66,23.019,-2435.12,-4701.63,395.344,5672.35,84.2271,-686.674,3454.36,4.0542,2000.0,350.0
2100000,350.177,966.19,8863.97,-2459.79,22.5867,-2431.86,-3473.72,940.182,5432.1,-357.396,-1092.62,3132.32,4.20208,2100.0,350.0
2200000,344.369,-336.556,8863.97,-2461.43,22.2121,-2441.08,-3944.64,3199.66,-264.685,1022.44,-340.654,4313.66,4.3314,2200.0,350.0
2300000,346.958,-438.338,8863.97,-2461.26,22.3791,-2441.3,-6225.46,-32.3878,4942.84,1673.01,313.623,2851.46,4.46902,2300.0,350.0
2400000,340.911,86.793,8863.97,-2461.01,21.989,-2438.54,-2462.15,1709.97,1012.55,-546.853,12.8759,2969.96,4.54874,2400.0,350.0
2500000,347.964,1503.17,8863.97,-2460.01,22.444,-2429.25,179.558,-1194.01,5523.97,-1759.66,817.293,4518.26,4.63617,2500.0,350.0
2600000,335.659,34.3913,8863.97,-2460.23,21.6502,-2438.39,-3604.86,2052.38,1655.65,-562.067,-1683.67,3401.5,4.71492,2600.0,350.0
2700000,348.395,1121.21,8863.97,-2458.74,22.4717,-2430.07,-1611.07,1850.11,3124.58,651.425,655.054,4025.76,4.77878,2700.0,350.0
2800000,336.303,247.407,8863.97,-2459.73,21.6918,-2436.67,-1929.02,-588.381,3259.62,2066.21,-655.016,4741.73,4.84052,2800.0,350.0
2900000,357.135,-134.325,8863.97,-2460.14,23.0355,-2437.85,-2224.67,1341.98,479.715,-1153.67,-394.263,3137.02,4.90196,2900.0,350.0
3000000,357.535,514.239,8863.97,-2460.12,23.0613,-2434.21,-1452.46,1095.22,1899.95,-692.017,-1660.99,4417.53,4.97267,3000.0,350.0
3100000,347.132,902.675,8863.97,-2459.04,22.3903,-2431.65,-2633.43,1488.05,3853.4,875.163,193.414,3497.07,5.03165,3100.0,350.0
3200000,357.034,-1284.08,8863.97,-2461.87,23.029,-2445.94,-5414.11,159.039,1402.82,-114.554,-276.88,2210.11,5.08938,3200.0,350.0
3300000,356.099,1501.98,8863.97,-2460.07,22.9687,-2428.8,-835.577,994.213,4347.31,-2266.56,-1251.55,2899.77,5.14151,3300.0,350.0
3400000,325.004,570.963,8863.97,-2459.58,20.963,-2435.46,-3023.79,460.015,4276.67,-1714.55,-939.975,5054.1,5.19479,3400.0,350.0
3500000,353.887,-55.6523,8863.97,-2460.54,22.826,-2438.02,-1057.95,-630.933,1521.92,-298.429,-1221.61,2642.29,5.24459,3500.0,350.0
3600000,348.912,990.665,8863.97,-2459.72,22.5051,-2431.73,-4473.11,2300.71,5144.39,-1460.74,-1213.57,4030.8,5.29122,3600.0,350.0
3700000,331.306,1021.11,8863.97,-2458.35,21.3695,-2431.33,-4797.06,2369.88,5490.5,501.873,-380.212,3850.03,5.33847,3700.0,350.0
3800000,343.313,472.607,8863.97,-2460.1,22.144,-2435.34,-2554.35,86.5687,3885.61,-586.795,-1189.51,3170.55,5.37687,3800.0,350.0
3900000,361.652,251.749,8863.97,-2458.88,23.3269,-2434.16,-4206.11,3977.21,984.153,-403.317,-841.976,2806.88,5.40424,3900.0,350.0
4000000,363.107,20.2542,8863.97,-2460.16,23.4207,-2436.62,-2754.53,60.4779,2754.82,1691.07,-1191.67,4265.91,5.43917,4000.0,350.0
4100000,343.262,105.059,8863.97,-2459.39,22.1407,-2436.67,-1933.44,-284.31,2532.92,-580.965,-575.165,1919.68,5.46651,4100.0,350.0
4200000,372.967,466.507,8863.97,-2460.89,24.0567,-2434.25,-2406.79,-91.9801,3898.29,-1450.78,-2025.06,2810.95,5.49412,4200.0,350.0
4300000,360.784,938.106,8863.97,-2459.77,23.2708,-2431.31,-1613.3,1006.48,3421.13,1442.32,-430.102,2709.92,5.5264,4300.0,350.0
4400000,353.233,82.8893,8863.97,-2460.83,22.7838,-2437.59,-2879.95,566.355,2562.26,-836.733,-993.8,3202.35,5.55473,4400.0,350.0
4500000,351.728,1102.94,8863.97,-2458.65,22.6867,-2429.86,-2950.47,988.076,5271.22,554.827,628.332,1060.99,5.57124,4500.0,350.0
4600000,369.117,1188.94,8863.97,-2458.55,23.8084,-2428.17,-342.325,1748.69,2160.45,867.504,-1800.97,2142.22,5.59519,4600.0,350.0
4700000,364.777,-607.628,8863.97,-2461.5,23.5284,-2441.33,-4827.81,-474.85,3479.77,-1677.94,-1367.11,2813.35,5.61816,4700.0,350.0
4800000,341.681,-89.8462,8863.97,-2460.24,22.0387,-2438.7,-3009.32,-1589.74,4329.52,-241.14,-544.223,5694.86,5.63954,4800.0,350.0
4900000,340.706,556.868,8863.97,-2458.77,21.9758,-2433.71,-2027.93,1490.62,2207.92,2206.44,-1538.41,3378.6,5.66383,4900.0,350.0
5000000,331.247,579.214,8863.97,-2459.67,21.3657,-2435.1,-1462.73,1628.85,1571.52,-2427.71,-945.321,3494.56,5.69319,5000.0,350.0
5100000,352.067,120.273,8863.97,-2458.58,22.7086,-2435.21,-3760.1,908.149,3212.77,1252.64,-1416.86,3173.89,5.72151,5100.0,350.0
5200000,354.556,-182.469,8863.97,-2459.85,22.8691,-2437.99,-3468.13,93.6758,2827.05,2962.39,99.7682,4184.81,5.74897,5200.0,350.0
5300000,362.416,122.983,8863.97,-2459.87,23.3761,-2435.81,-6181.64,1584.81,4965.78,-1055.31,-147.007,2417.75,5.7778,5300.0,350.0
5400000,366.306,275.69,8863.97,-2461.11,23.6271,-2435.96,-2508.28,-1382.57,4717.91,-873.114,-1332.46,2662.44,5.7968,5400.0,350.0
5500000,337.829,-390.548,8863.97,-2460.04,21.7903,-2440.41,-5180.24,255.776,3752.82,754.109,-632.831,2299.05,5.81143,5500.0,350.0
5600000,350.51,-146.949,8863.97,-2461.08,22.6082,-2439.29,-2895.69,1479.65,975.191,-1650.68,-2160.94,2974.44,5.82931,5600.0,350.0
5700000,341.167,-727.714,8863.97,-2460.16,22.0056,-2442.18,-4096.64,-1456.88,3370.37,-3198.81,-2139.52,2402.2,5.86528,5700.0,350.0
5800000,376.68,387.447,8863.97,-2459.03,24.2962,-2432.59,-3916.8,1502.4,3576.75,-2108.75,419.396,2661.88,5.90625,5800.0,350.0
5900000,352.58,-233.703,8863.97,-2461.39,22.7417,-2439.95,-1998.02,-708.894,2005.81,-1705.33,-543.154,3249.55,5.94908,5900.0,350.0
6000000,356.062,231.693,8863.97,-2459.9,22.9663,-2435.65,-1638.28,1314.52,1018.84,-2215.92,-2676.63,3231.56,5.98703,6000.0,350.0
6100000,351.475,1133.54,8863.97,-2459.24,22.6704,-2430.3,-1089.08,1225.28,3264.42,-4950.2,-2382.4,2520.97,6.02395,6100.0,350.0
6200000,358.959,-70.8885,8863.97,-2460.54,23.1531,-2437.78,-2169.86,-88.6591,2045.86,-1432.47,102.2,1954.8,6.05551,6200.0,350.0
6300000,364.302,-596.691,8863.97,-2461.15,23.4978,-2440.95,-3125.99,-558.176,1894.09,-3801.75,-1828.23,3797.86,6.08751,6300.0,350.0
6400000,343.596,-636.02,8863.97,-2459.71,22.1622,-2441.07,-3520.04,-62.2942,1674.27,-2457.23,-3291.58,3027.39,6.12704,6400.0,350.0
6500000,358.171,168.21,8863.97,-2460.0,23.1023,-2435.97,-4170.25,361.931,4312.95,-1997.83,-679.676,2342.52,6.16208,6500.0,350.0
6600000,369.155,513.426,8863.97,-2460.08,23.8108,-2433.43,-1631.96,-124.577,3296.82,-3520.37,-2620.63,3198.01,6.19378,6600.0,350.0
6700000,360.993,852.356,8863.97,-2460.68,23.2844,-2432.68,-1366.35,232.268,3691.15,-1941.46,-73.8239,3659.37,6.23101,6700.0,350.0
6800000,358.687,548.227,8863.97,-2459.81,23.1356,-2433.64,-1821.99,564.571,2902.09,-944.232,-212.936,4169.11,6.25959,6800.0,350.0
6900000,360.051,-675.27,8863.97,-2460.91,23.2236,-2441.42,-2159.78,-1029.06,1163.02,-1502.66,-123.586,2081.14,6.29427,6900.0,350.0
7000000,343.034,401.083,8863.97,-2460.25,22.126,-2435.91,-1623.81,1825.85,1001.2,-2547.7,-1457.4,2357.13,6.32396,7000.0,350.0
7100000,354.83,-32.779,8863.97,-2459.67,22.8868,-2436.97,-4588.91,-16.3738,4506.95,-2715.36,-1910.62,2084.34,6.35444,7100.0,350.0
7200000,342.329,-271.796,8863.97,-2459.71,22.0805,-2439.13,-2250.01,3158.2,-1723.59,-2523.37,-2576.18,4018.07,6.37366,7200.0,350.0
7300000,365.581,-268.295,8863.97,-2460.65,23.5803,-2438.56,-1271.15,-1513.83,1980.1,-2931.35,-743.65,2284.15,6.39758,7300.0,350.0
7400000,368.103,512.148,8863.97,-2458.43,23.7429,-2431.85,-990.82,1998.02,529.245,-76.6362,375.308,2887.02,6.42445,7400.0,350.0
7500000,344.742,48.7264,8863.97,-2460.19,22.2361,-2437.69,-58.8178,-360.837,565.834,-2606.16,-2761.86,2460.49,6.44387,7500.0,350.0
7600000,348.259,1030.43,8863.97,-2459.96,22.463,-2431.79,-863.427,1909.15,2045.58,-2440.56,-659.403,2577.21,6.46365,7600.0,350.0
7700000,347.038,106.412,8863.97,-2460.6,22.3842,-2437.63,-255.945,-1146.42,1721.6,-2469.26,-1999.0,2295.65,6.48556,7700.0,350.0
7800000,346.943,533.73,8863.97,-2460.84,22.3781,-2435.51,-1695.91,-1310.1,4607.2,-3243.62,1760.44,3243.82,6.51259,7800.0,350.0
7900000,350.988,-53.6016,8863.97,-2459.41,22.639,-2437.07,-2897.66,1169.73,1567.12,-3253.42,-2125.89,3120.1,6.53546,7900.0,350.0
8000000,373.75,-722.82,8863.97,-2460.01,24.1072,-2439.9,-2860.23,-687.776,1379.54,-1536.97,-1610.52,2919.79,6.55617,8000.0,350.0
8100000,350.585,-352.932,8863.97,-2459.93,22.613,-2439.27,-624.341,-197.021,-237.436,-4270.98,-3329.48,2892.98,6.57585,8100.0,350.0
8200000,356.605,-13.0783,8863.97,-2460.59,23.0013,-2437.66,-1745.64,-325.279,2031.68,-1556.99,-1440.2,2576.67,6.60288,8200.0,350.0
8300000,337.681,-1166.78,8863.97,-2461.69,21.7807,-2446.37,-4578.26,-1375.35,2453.28,-2081.1,-1238.07,3358.8,6.62558,8300.0,350.0
8400000,340.551,-1329.73,8863.97,-2461.1,21.9658,-2446.49,-2861.14,839.081,-1967.14,-3573.0,-252.788,2784.55,6.64427,8400.0,350.0
8500000,313.314,-315.094,8863.97,-2460.0,20.209,-2441.53,-3732.18,-1088.71,3875.61,-1429.46,264.335,2934.29,6.66022,8500.0,350.0
8600000,346.649,724.215,8863.97,-2459.93,22.3591,-2433.56,-1087.31,464.028,2795.92,-3301.3,-2418.12,3104.38,6.68182,8600.0,350.0
8700000,362.984,-667.519,8863.97,-2460.38,23.4128,-2440.66,-2344.92,1194.88,-852.516,-2953.79,-588.463,3271.17,6.69735,8700.0,350.0
8800000,354.307,-2330.6,8863.97,-2461.28,22.8531,-2451.32,-3042.07,-2976.26,-973.461,-1508.08,-472.206,94.9055,6.71653,8800.0,350.0
8900000,337.211,-522.746,8863.97,-2460.16,21.7504,-2441.3,-4528.19,2789.68,170.271,-3277.36,-1537.18,2254.11,6.73931,8900.0,350.0
9000000,353.388,-186.405,8863.97,-2460.18,22.7938,-2438.41,-1156.57,857.288,-259.936,-781.321,-475.196,2450.28,6.76195,9000.0,350.0
9100000,333.852,-468.469,8863.97,-2460.65,21.5337,-2441.71,-3998.15,236.699,2356.05,-3017.01,-521.376,1628.72,6.77769,9100.0,350.0
9200000,360.573,-446.403,8863.97,-2459.03,23.2573,-2438.24,-1586.29,-1192.26,1439.35,-1978.15,188.586,1008.15,6.7898,9200.0,350.0
9300000,366.328,-1353.79,8863.97,-2460.99,23.6285,-2444.85,-5532.67,-772.278,2243.58,-3434.57,-2217.81,2452.85,6.8075,9300.0,350.0
9400000,356.528,170.005,8863.97,-2459.17,22.9964,-2435.23,-1419.22,1455.48,473.748,-2410.58,-2193.97,1968.43,6.8221,9400.0,350.0
9500000,342.621,-946.131,8863.97,-2461.06,22.0993,-2444.19,-3753.73,192.886,722.448,-3219.8,-1537.32,3092.21,6.83821,9500.0,350.0
9600000,352.818,-599.998,8863.97,-2460.34,22.7571,-2440.9,-4493.15,1698.72,994.445,-3510.05,-2134.92,2978.15,6.85926,9600.0,350.0
9700000,344.121,-440.598,8863.97,-2460.8,22.1961,-2441.04,-2712.22,-530.917,1921.35,-1181.79,-661.376,3502.03,6.87864,9700.0,350.0
9800000,346.014,-280.242,8863.97,-2461.12,22.3182,-2440.35,-3271.07,-1098.51,3528.85,-1717.45,-1929.16,2785.12,6.89626,9800.0,350.0
9900000,365.298,-681.729,8863.97,-2459.98,23.562,-2440.19,-1667.26,972.682,-1350.61,-2480.58,-2826.32,4424.1,6.91303,9900.0,350.0
10000000,331.749,-602.948,8863.97,-2461.6,21.3981,-2443.53,-4220.56,-954.344,3366.06,-2368.49,-1933.45,3757.24,6.92402,10000.0,350.0
