TimeStep,temp,pressure,vol,pe,ke,enthalpy,pxx,pyy,pzz,pxy,pxz,pyz,visc,time,hold_temp
0,1652.7,1129.77,9588.22,-2301.65,106.601,-2188.29,-1358.21,7250.6,-2503.08,-266.652,3220.88,-2417.51,0.00107739,0.0,1750.0
100000,1703.76,-195.464,9588.22,-2302.87,109.894,-2194.15,-2190.25,-651.044,2254.91,-3012.29,579.463,-101.418,0.00891229,100.0,1750.0
200000,1763.95,-3213.98,9588.22,-2313.59,113.776,-2219.04,808.513,608.376,-11058.8,-801.22,-474.0,-7198.71,0.00253618,200.0,1750.0
300000,1707.61,-2786.19,9588.22,-2311.42,110.142,-2217.95,-4152.64,274.585,-4480.51,89.4129,5333.98,1197.89,0.00252628,300.0,1750.0
400000,1795.06,-2349.36,9588.22,-2310.52,115.783,-2208.8,-2988.85,-1657.35,-2401.88,571.97,-509.605,4181.52,0.00215642,400.0,1750.0
500000,1792.06,-700.036,9588.22,-2306.69,115.589,-2195.29,-3090.58,2742.64,-1752.17,639.015,5576.12,680.177,0.00202547,500.0,1750.0
600000,1738.57,-5776.35,9588.22,-2308.51,112.139,-2230.93,-6723.02,-7778.68,-2827.36,4188.71,1816.77,2005.19,0.00319246,600.0,1750.0
700000,1725.15,-1428.86,9588.22,-2309.34,111.273,-2206.62,-2700.92,1779.64,-3365.28,5778.92,-1431.95,5082.74,0.00366776,700.0,1750.0
800000,1822.98,-3810.07,9588.22,-2310.3,117.583,-2215.52,-5623.43,-291.985,-5514.81,643.635,1333.27,-1278.64,0.00374085,800.0,1750.0
900000,1720.61,-2702.94,9588.22,-2308.21,110.981,-2213.4,-2347.09,-3352.84,-2408.9,3301.41,-1268.81,-2938.98,0.00400104,900.0,1750.0
1000000,1710.64,-3178.32,9588.22,-2312.03,110.338,-2220.72,-317.941,-7189.07,-2027.95,5889.67,-3857.9,-2306.82,0.00461848,1000.0,1750.0
1100000,1855.86,-386.925,9588.22,-2307.4,119.704,-2190.01,-4181.1,390.942,2629.38,1500.79,3803.89,922.972,0.00418261,1100.0,1750.0
1200000,1704.09,-6479.54,9588.22,-2313.73,109.915,-2242.59,-4999.51,-5162.85,-9276.27,-4813.17,-3147.17,-2887.38,0.00438824,1200.0,1750.0
1300000,1659.16,-1713.09,9588.22,-2307.51,107.017,-2210.74,2302.76,-5967.28,-1474.73,-1465.48,-2892.23,109.767,0.00409935,1300.0,1750.0
1400000,1625.81,-3445.97,9588.22,-2307.99,104.866,-2223.74,14.0116,-1794.86,-8557.08,-4743.01,-3030.32,-2610.21,0.00376806,1400.0,1750.0
1500000,1779.01,-3388.28,9588.22,-2315.36,114.748,-2220.89,-1672.21,-5657.65,-2834.99,-1187.33,-5731.34,270.429,0.00353615,1500.0,1750.0
1600000,1707.69,1229.95,9588.22,-2307.46,110.148,-2189.95,3218.33,1486.26,-1014.74,1542.41,1217.43,2689.53,0.00348838,1600.0,1750.0
1700000,1689.03,-5756.19,9588.22,-2311.38,108.944,-2236.88,-2795.26,-12609.1,-1864.22,-2554.8,2410.85,1962.13,0.00331087,1700.0,1750.0
1800000,1790.83,-6218.77,9588.22,-2315.63,115.51,-2237.33,-13735.6,2124.36,-7045.13,-2182.95,211.336,-3182.1,0.00303709,1800.0,1750.0
1900000,1710.29,-4848.35,9588.22,-2309.37,110.315,-2228.07,-5824.49,-5848.38,-2872.19,15.7737,-882.447,1033.06,0.00288179,1900.0,1750.0
2000000,1692.58,-3497.61,9588.22,-2303.96,109.173,-2215.72,-5490.27,-6023.49,1020.93,-3542.38,6069.46,-2676.4,0.00301508,2000.0,1750.0
2100000,1751.78,374.757,9588.22,-2302.43,112.991,-2187.19,5036.89,-2247.68,-1664.94,-4106.12,939.363,763.374,0.00318916,2100.0,1750.0
2200000,1696.05,-3077.13,9588.22,-2311.07,109.397,-2220.09,-4428.99,-1400.48,-3401.91,262.084,4934.28,166.462,0.00318866,2200.0,1750.0
2300000,1724.78,1.43422,9588.22,-2306.42,111.249,-2195.16,-2567.58,416.074,2155.81,512.038,1510.22,1119.04,0.0033022,2300.0,1750.0
2400000,1610.56,782.997,9588.22,-2307.44,103.883,-2198.88,3300.23,-445.357,-505.881,1314.1,-909.383,-1423.17,0.00336948,2400.0,1750.0
2500000,1793.1,-1727.8,9588.22,-2307.23,115.657,-2201.91,-2924.05,3162.34,-5421.7,-1266.54,2183.41,4340.74,0.00319962,2500.0,1750.0
2600000,1740.99,-4427.52,9588.22,-2311.11,112.295,-2225.31,-2015.66,-2426.62,-8840.29,-1435.44,-2116.76,523.161,0.00321226,2600.0,1750.0
2700000,1799.7,-3210.97,9588.22,-2316.97,116.082,-2220.1,-1813.48,-4654.79,-3164.63,54.0194,1308.65,3519.64,0.00306603,2700.0,1750.0
2800000,1656.21,-7310.21,9588.22,-2314.84,106.827,-2251.76,-7897.84,-9424.55,-4608.24,3930.5,65.0094,-482.82,0.00302534,2800.0,1750.0
2900000,1671.22,-3767.07,9588.22,-2311.49,107.795,-2226.24,-3182.56,-3199.99,-4918.65,-7622.85,-1305.64,2511.99,0.00296282,2900.0,1750.0
3000000,1885.06,-4641.07,9588.22,-2312.13,121.588,-2218.31,-997.612,-6008.55,-6917.04,-3338.79,-541.518,1595.84,0.00318714,3000.0,1750.0
3100000,1811.14,-45.6295,9588.22,-2305.51,116.82,-2188.96,3330.68,-1789.74,-1677.83,-2196.4,6392.48,-1615.6,0.00340572,3100.0,1750.0
3200000,1655.09,-549.465,9588.22,-2307.92,106.755,-2204.45,2140.86,-5563.73,1774.47,-2653.71,2340.44,-862.55,0.00333164,3200.0,1750.0
3300000,1715.38,-2466.4,9588.22,-2311.12,110.644,-2215.24,-7383.32,-1512.77,1496.88,2197.66,-2244.45,402.625,0.00320995,3300.0,1750.0
3400000,1758.81,-4184.17,9588.22,-2311.51,113.445,-2223.1,-7169.05,-2940.7,-2442.75,97.4308,-3000.8,3188.59,0.00312362,3400.0,1750.0
3500000,1760.41,-345.27,9588.22,-2303.18,113.548,-2191.69,619.309,1116.36,-2771.48,2961.2,-2413.38,3808.07,0.0031916,3500.0,1750.0
3600000,1668.11,-3157.97,9588.22,-2307.42,107.594,-2218.72,1343.11,-4412.82,-6404.19,-1077.03,2131.21,1669.81,0.00308617,3600.0,1750.0
3700000,1602.73,-2597.87,9588.22,-2310.31,103.378,-2222.48,-4232.09,1324.26,-4885.77,-3360.22,-407.106,4418.25,0.00306367,3700.0,1750.0
3800000,1794.94,-583.145,9588.22,-2303.67,115.775,-2191.38,399.209,-3863.72,1715.08,711.644,281.786,3487.67,0.00294242,3800.0,1750.0
3900000,1744.55,-4611.24,9588.22,-2314.21,112.525,-2229.28,-8282.39,-1428.43,-4122.91,5214.94,2786.04,676.109,0.00298227,3900.0,1750.0
4000000,1831.34,-1162.53,9588.22,-2311.2,118.123,-2200.03,-521.758,-2146.88,-818.957,-1310.2,-3092.26,-4134.3,0.00290789,4000.0,1750.0
4100000,1758.25,833.683,9588.22,-2306.4,113.408,-2188.0,131.94,3680.53,-1311.43,-1334.27,-2744.21,2350.39,0.00283396,4100.0,1750.0
4200000,1674.34,-5821.73,9588.22,-2321.78,107.996,-2248.63,-3605.02,-6064.71,-7795.46,232.401,1206.07,-3742.25,0.00296227,4200.0,1750.0
4300000,1786.66,-1583.34,9588.22,-2302.99,115.241,-2197.22,-1269.3,3076.51,-6557.24,1505.33,-2670.29,943.972,0.00288877,4300.0,1750.0
4400000,1684.44,-479.014,9588.22,-2309.99,108.648,-2204.21,-481.118,-384.944,-570.98,5466.79,109.278,4505.62,0.00283056,4400.0,1750.0
4500000,1744.98,-3052.01,9588.22,-2307.5,112.553,-2213.22,490.618,-6604.73,-3041.9,770.887,-5517.64,-3251.29,0.00279676,4500.0,1750.0
4600000,1818.35,-740.869,9588.22,-2308.49,117.285,-2195.64,1727.69,-3888.0,-62.302,5143.86,386.445,1426.33,0.0027687,4600.0,1750.0
4700000,1818.75,-339.484,9588.22,-2313.02,117.311,-2197.74,571.973,-129.496,-1460.93,-1757.3,4193.9,2702.71,0.00272155,4700.0,1750.0
4800000,1751.12,-2473.93,9588.22,-2310.59,112.949,-2212.45,-284.964,-1920.57,-5216.26,-997.509,-5035.29,3154.32,0.00265058,4800.0,1750.0
4900000,1815.53,-4909.01,9588.22,-2311.68,117.103,-2223.95,835.228,-10072.3,-5489.9,2790.64,4602.46,-535.04,0.00267009,4900.0,1750.0
5000000,1879.26,-2123.5,9588.22,-2303.79,121.214,-2195.28,-4743.3,1332.95,-2960.15,-5782.51,-598.471,5707.63,0.00269357,5000.0,1750.0
5100000,1805.54,-3291.39,9588.22,-2316.4,116.459,-2219.64,4549.06,-5706.98,-8716.26,224.204,-824.26,-1772.41,0.00275421,5100.0,1750.0
5200000,1825.12,2314.77,9588.22,-2305.48,117.722,-2173.9,5163.54,1656.53,124.261,1199.77,1680.17,3560.76,0.00269166,5200.0,1750.0
5300000,1722.0,-1928.61,9588.22,-2303.81,111.071,-2204.28,-1942.52,-1305.43,-2537.87,-1058.22,-3417.05,-157.424,0.00269174,5300.0,1750.0
5400000,1639.72,-5480.16,9588.22,-2311.81,105.763,-2238.84,-1674.9,-8032.48,-6733.1,-6434.27,1577.54,-751.194,0.00257098,5400.0,1750.0
5500000,1836.06,-1157.84,9588.22,-2309.68,118.427,-2198.18,-803.793,-2064.45,-605.285,-71.8969,161.068,-3281.3,0.00247407,5500.0,1750.0
5600000,1706.82,-3618.81,9588.22,-2308.28,110.091,-2219.84,-4950.45,-4194.09,-1711.88,2481.62,-2140.16,-1349.58,0.00246616,5600.0,1750.0
5700000,1705.05,-2909.5,9588.22,-2313.85,109.977,-2221.28,-5871.07,-3768.31,910.88,-837.475,168.537,2009.03,0.00243627,5700.0,1750.0
5800000,1718.59,-6056.71,9588.22,-2312.44,110.85,-2237.83,-12599.1,-494.991,-5076.04,3707.03,-635.584,203.918,0.00243909,5800.0,1750.0
5900000,1736.12,-5460.47,9588.22,-2313.01,111.981,-2233.71,-7047.22,-6490.89,-2843.31,-1460.0,1314.32,-489.324,0.00238693,5900.0,1750.0
6000000,1740.39,-3201.63,9588.22,-2306.18,112.257,-2213.08,-4321.04,-3796.89,-1486.96,-797.933,-527.219,-1348.67,0.00237947,6000.0,1750.0
6100000,1748.57,652.53,9588.22,-2305.91,112.784,-2189.22,410.301,2601.82,-1054.53,2610.27,5703.72,-3146.96,0.00234443,6100.0,1750.0
6200000,1809.97,1258.15,9588.22,-2308.05,116.744,-2183.78,4179.68,-3084.27,2679.03,-41.6334,-700.403,4398.91,0.00231042,6200.0,1750.0
6300000,1680.36,1561.55,9588.22,-2297.53,108.384,-2179.8,8107.57,2054.55,-5477.48,509.487,4795.4,1093.25,0.00227781,6300.0,1750.0
6400000,1753.28,2117.0,9588.22,-2302.29,113.088,-2176.53,1213.38,4952.98,184.631,-1547.85,190.372,2471.07,0.00225326,6400.0,1750.0
6500000,1687.76,-2406.68,9588.22,-2307.05,108.862,-2212.59,2963.67,-4623.71,-5560.0,-54.6922,616.625,389.095,0.00227223,6500.0,1750.0
6600000,1872.88,-1285.83,9588.22,-2307.21,120.802,-2194.11,-2501.48,-1812.73,456.709,-3168.78,-2813.03,1411.07,0.00224843,6600.0,1750.0
6700000,1741.79,-3820.83,9588.22,-2309.63,112.347,-2220.15,-8917.3,960.167,-3505.37,-4510.25,-2323.98,-2149.83,0.00220067,6700.0,1750.0
6800000,1718.72,-5363.51,9588.22,-2315.97,110.859,-2237.21,-3112.46,-6468.81,-6509.26,3468.92,2386.03,-1238.09,0.00225089,6800.0,1750.0
6900000,1670.69,-3713.05,9588.22,-2309.64,107.761,-2224.09,-6885.17,-2420.2,-1833.77,1745.29,-482.812,1161.12,0.00223857,6900.0,1750.0
7000000,1644.82,-3616.65,9588.22,-2311.7,106.092,-2227.25,-3250.21,-1746.19,-5853.56,-2087.11,3892.18,-1006.99,0.00223488,7000.0,1750.0
7100000,1744.44,1842.14,9588.22,-2307.94,112.518,-2184.4,2056.78,-1147.3,4616.95,-75.1348,-1107.2,1118.22,0.00221551,7100.0,1750.0
7200000,1695.8,-630.853,9588.22,-2306.11,109.38,-2200.5,-4751.97,-3228.91,6088.32,4417.6,-628.03,883.297,0.00219829,7200.0,1750.0
7300000,1744.85,-2505.25,9588.22,-2305.14,112.545,-2207.58,1578.51,-4521.01,-4573.26,-2338.13,6302.36,400.857,0.00218468,7300.0,1750.0
7400000,1903.76,-3410.07,9588.22,-2311.22,122.794,-2208.84,-5926.44,-5676.62,1372.85,922.117,2950.48,-5984.87,0.00217402,7400.0,1750.0
7500000,1748.92,-3254.42,9588.22,-2312.37,112.807,-2219.04,-7527.26,-5827.54,3591.54,1855.25,-2829.52,-499.736,0.00212716,7500.0,1750.0
7600000,1759.77,1854.86,9588.22,-2302.26,113.507,-2177.66,4437.12,922.992,204.461,1611.52,-4848.18,3099.39,0.00212775,7600.0,1750.0
7700000,1724.64,-4718.54,9588.22,-2310.5,111.241,-2227.49,-347.035,-5553.36,-8255.22,1431.9,35.0655,4743.34,0.00213604,7700.0,1750.0
7800000,1792.58,-965.833,9588.22,-2310.47,115.623,-2200.63,-5764.3,1188.25,1678.55,2352.03,2107.05,1254.49,0.00214292,7800.0,1750.0
7900000,1740.19,-3854.26,9588.22,-2311.72,112.244,-2222.54,486.401,-8121.94,-3927.26,-1315.14,652.857,-2544.6,0.0021923,7900.0,1750.0
8000000,1809.41,-8149.6,9588.22,-2315.42,116.709,-2247.48,-12195.6,-4354.63,-7898.62,-2096.33,967.415,-3197.76,0.00221291,8000.0,1750.0
8100000,1730.28,-144.63,9588.22,-2307.26,111.604,-2196.52,1314.39,-2605.92,857.637,1585.0,-1600.42,1742.43,0.00215553,8100.0,1750.0
8200000,1845.37,-2830.3,9588.22,-2304.32,119.028,-2202.23,-2171.52,-4370.53,-1948.84,1536.54,-1835.39,2439.35,0.00214017,8200.0,1750.0
8300000,1678.09,-7922.15,9588.22,-2315.43,108.238,-2254.61,-6113.44,-9910.03,-7742.97,-121.882,1161.94,-471.548,0.00221745,8300.0,1750.0
8400000,1794.77,-1150.95,9588.22,-2304.44,115.764,-2195.56,-2316.71,-188.884,-947.264,-1691.02,1384.04,-84.1035,0.00223141,8400.0,1750.0
8500000,1758.11,-3909.64,9588.22,-2306.83,113.4,-2216.83,-1585.88,-6406.51,-3736.52,-3141.55,-2080.93,-460.974,0.00223845,8500.0,1750.0
8600000,1745.81,-5318.27,9588.22,-2318.45,112.606,-2237.67,-5035.24,-4558.94,-6360.63,1734.87,-2704.26,-1484.76,0.00224294,8600.0,1750.0
8700000,1693.47,-3488.03,9588.22,-2306.96,109.23,-2218.61,-5694.78,-1492.75,-3276.54,-2863.15,-1.15443,780.124,0.0022687,8700.0,1750.0
8800000,1753.97,-5055.44,9588.22,-2311.04,113.132,-2228.16,-7089.7,-459.905,-7616.71,1265.24,4229.46,-1808.74,0.00222362,8800.0,1750.0
8900000,1854.15,-929.806,9588.22,-2305.06,119.594,-2191.03,-2396.03,-2817.81,2424.43,529.041,2121.06,-525.206,0.00221794,8900.0,1750.0
9000000,1699.09,-5142.88,9588.22,-2311.14,109.592,-2232.32,-7226.48,-7777.52,-424.645,-2483.93,-1952.72,-738.804,0.00214857,9000.0,1750.0
9100000,1711.38,-4135.79,9588.22,-2308.82,110.386,-2223.19,-4518.5,-2007.76,-5881.12,1141.32,1595.4,-883.977,0.0021183,9100.0,1750.0
9200000,1813.3,-4036.93,9588.22,-2310.67,116.959,-2217.87,-1655.01,-6490.42,-3965.36,-2338.19,-2924.6,2731.99,0.00210573,9200.0,1750.0
9300000,1816.86,-1202.01,9588.22,-2309.89,117.189,-2199.89,1740.2,-2880.34,-2465.89,-4306.11,-2201.69,-805.28,0.00209173,9300.0,1750.0
9400000,1591.07,-3351.3,9588.22,-2307.07,102.625,-2224.5,-3429.55,-5098.43,-1525.94,3517.38,-846.818,-6185.36,0.00208936,9400.0,1750.0
9500000,1737.02,1174.3,9588.22,-2300.21,112.04,-2181.15,4804.65,-6118.11,4836.36,2326.7,-222.428,146.784,0.00209516,9500.0,1750.0
9600000,1664.21,-1178.1,9588.22,-2304.42,107.343,-2204.13,1181.68,-4107.04,-608.948,4055.61,1337.19,-1378.46,0.00210472,9600.0,1750.0
9700000,1683.09,-1288.61,9588.22,-2309.95,108.561,-2209.1,-832.96,2331.84,-5364.7,-3082.85,-1095.62,454.734,0.00212762,9700.0,1750.0
9800000,1771.76,-6785.96,9588.22,-2315.94,114.28,-2242.27,-9179.15,-4208.04,-6970.7,1533.74,-2467.29,-2508.11,0.00218342,9800.0,1750.0
9900000,1734.29,-4782.03,9588.22,-2314.91,111.863,-2231.67,-6972.21,-75.5678,-7298.32,-282.679,-2598.81,-373.022,0.00226498,9900.0,1750.0
10000000,1759.3,386.566,9588.22,-2312.64,113.476,-2196.85,-1517.04,54.264,2622.48,-1313.97,2545.61,1893.78,0.00229209,10000.0,1750.0
