TimeStep,temp,pressure,vol,pe,ke,enthalpy,pxx,pyy,pzz,pxy,pxz,pyz,visc,time,hold_temp
0,1728.17,587.106,9474.62,-2327.5,111.468,-2212.56,8057.0,-1786.59,-4509.09,-274.895,-2076.08,396.27,0.00031489,0.0,1650.0
100000,1652.2,-4570.87,9474.62,-2334.74,106.568,-2255.2,-4842.6,-3497.13,-5372.89,3411.87,842.626,2000.9,-0.00226104,100.0,1650.0
200000,1638.0,-5833.44,9474.62,-2333.15,105.652,-2261.99,-1988.21,-8074.88,-7437.24,-1291.28,650.406,2268.68,0.00155622,200.0,1650.0
300000,1716.24,-2509.98,9474.62,-2331.38,110.699,-2235.53,-2457.99,-6000.26,928.29,714.472,1327.48,-859.148,0.00288246,300.0,1650.0
400000,1615.44,-2421.22,9474.62,-2322.25,104.197,-2232.37,-2808.1,-985.502,-3470.05,1621.02,-2605.07,74.129,0.00228512,400.0,1650.0
500000,1581.86,-2239.43,9474.62,-2327.45,102.031,-2238.66,2315.14,-2787.69,-6245.75,2737.36,1940.28,-1535.41,0.00217806,500.0,1650.0
600000,1629.59,-654.786,9474.62,-2325.05,105.11,-2223.81,3825.36,-2264.05,-3525.67,510.915,-1683.37,-240.441,0.0014549,600.0,1650.0
700000,1672.25,-5618.15,9474.62,-2331.31,107.861,-2256.67,-3136.47,-5603.43,-8114.55,-299.597,-1659.66,-2303.87,0.00129234,700.0,1650.0
800000,1670.6,-1539.69,9474.62,-2318.22,107.755,-2219.58,-3352.28,-877.044,-389.757,-6817.02,4322.83,-619.987,0.00121624,800.0,1650.0
900000,1645.72,-261.09,9474.62,-2325.54,106.151,-2220.93,-288.465,-1054.54,559.736,-2733.91,1628.35,-802.282,0.00102048,900.0,1650.0
1000000,1713.01,-3952.49,9474.62,-2329.77,110.491,-2242.65,-3465.89,-2390.9,-6000.67,117.842,-1385.65,-73.8392,0.00138319,1000.0,1650.0
1100000,1716.81,-4659.9,9474.62,-2335.35,110.736,-2252.17,-5544.24,-1635.68,-6799.78,-5207.63,-1447.38,3408.09,0.00155701,1100.0,1650.0
1200000,1670.37,-4670.16,9474.62,-2332.54,107.74,-2252.41,-9701.12,-3161.66,-1147.7,1801.95,-2623.31,259.638,0.00135463,1200.0,1650.0
1300000,1606.73,-3937.93,9474.62,-2327.35,103.635,-2247.01,-4151.89,-346.633,-7315.25,4799.45,1143.78,1760.1,0.00133422,1300.0,1650.0
1400000,1534.17,-2920.45,9474.62,-2323.77,98.9549,-2242.09,-4419.62,-5864.49,1522.76,23.0697,-3048.57,5204.61,0.00134841,1400.0,1650.0
1500000,1572.15,-2563.21,9474.62,-2330.06,101.405,-2243.81,1430.31,-6329.9,-2790.04,-3182.75,2020.15,1616.62,0.00184892,1500.0,1650.0
1600000,1652.53,-1309.96,9474.62,-2325.07,106.59,-2226.23,351.826,-3903.5,-378.218,735.304,382.856,-4405.59,0.00191039,1600.0,1650.0
1700000,1695.78,-3389.48,9474.62,-2326.45,109.379,-2237.12,2400.75,-7490.3,-5078.9,1619.8,508.932,-510.66,0.00173072,1700.0,1650.0
1800000,1677.35,-5209.0,9474.62,-2333.34,108.191,-2255.95,-5022.14,-2818.87,-7785.99,3367.93,4898.46,-638.461,0.00165322,1800.0,1650.0
1900000,1683.61,-223.342,9474.62,-2329.23,108.594,-2221.95,-2340.47,3928.49,-2258.04,-1850.0,-1563.81,-5230.35,0.00172704,1900.0,1650.0
2000000,1706.9,-166.825,9474.62,-2325.58,110.097,-2216.47,2738.33,-696.716,-2542.09,2272.95,812.015,-41.4406,0.00187071,2000.0,1650.0
2100000,1717.37,-2588.04,9474.62,-2327.56,110.772,-2232.09,-923.043,-1094.77,-5746.3,-297.379,307.904,-1587.28,0.00236352,2100.0,1650.0
2200000,1684.8,-2280.38,9474.62,-2323.5,108.671,-2228.31,-5388.78,-3082.57,1630.21,-88.2031,-749.96,-793.136,0.00214306,2200.0,1650.0
2300000,1628.72,-1609.68,9474.62,-2331.13,105.054,-2235.6,-480.501,-3324.21,-1024.32,3106.32,461.735,2964.36,0.00232858,2300.0,1650.0
2400000,1587.06,-5553.3,9474.62,-2335.8,102.366,-2266.28,-8229.0,-3826.31,-4604.58,2032.06,3478.52,987.655,0.00255535,2400.0,1650.0
2500000,1569.44,-5393.06,9474.62,-2332.54,101.23,-2263.2,-5853.95,-4983.61,-5341.63,-1828.67,584.867,1015.15,0.00246992,2500.0,1650.0
2600000,1550.31,-5691.38,9474.62,-2331.83,99.9962,-2265.49,-5607.2,-3039.43,-8427.52,-3800.3,1392.77,2817.0,0.00277888,2600.0,1650.0
2700000,1697.09,-1359.38,9474.62,-2329.51,109.464,-2228.08,-4556.96,-4232.64,4711.45,3063.08,1807.48,-2080.83,0.00297413,2700.0,1650.0
2800000,1568.16,-2769.86,9474.62,-2326.37,101.148,-2241.6,-5887.98,3339.37,-5760.97,-1844.35,3890.52,-247.787,0.00293693,2800.0,1650.0
2900000,1628.05,-1026.56,9474.62,-2327.62,105.01,-2228.68,2131.18,-2304.98,-2905.88,660.872,-1902.38,-2717.8,0.00290522,2900.0,1650.0
3000000,1588.2,-5327.99,9474.62,-2336.32,102.44,-2265.39,-1392.22,-11862.3,-2729.49,-2517.99,-840.524,1965.48,0.00298512,3000.0,1650.0
3100000,1614.79,-2888.9,9474.62,-2324.88,104.155,-2237.81,-5816.33,-4602.02,1751.67,3176.46,1386.42,2696.26,0.00285136,3100.0,1650.0
3200000,1632.31,-5660.9,9474.62,-2331.29,105.285,-2259.48,-4795.95,-6956.53,-5230.22,-2497.73,-835.162,-1577.53,0.00286679,3200.0,1650.0
3300000,1678.46,-438.979,9474.62,-2325.61,108.262,-2219.94,463.122,-3336.09,1556.03,2452.0,-1697.4,-1567.05,0.00276941,3300.0,1650.0
3400000,1697.68,-2216.95,9474.62,-2322.47,109.502,-2226.08,-2632.36,-4059.59,41.1054,1222.27,-990.056,3867.78,0.00275531,3400.0,1650.0
3500000,1590.42,-3421.02,9474.62,-2331.65,102.583,-2249.3,-7.99416,-3632.31,-6622.76,-1709.65,-1168.87,-2577.14,0.00281763,3500.0,1650.0
3600000,1799.71,-1795.42,9474.62,-2323.55,116.083,-2218.08,-5902.28,-3705.08,4221.11,-558.737,-1549.26,-1789.47,0.00319421,3600.0,1650.0
3700000,1649.17,-3299.65,9474.62,-2327.6,106.373,-2240.74,-3724.85,-3747.78,-2426.32,-6702.14,1147.21,-207.352,0.00330888,3700.0,1650.0
3800000,1786.36,702.044,9474.62,-2325.84,115.221,-2206.47,154.841,0.652938,1950.64,1606.86,-4402.72,-2038.67,0.00320887,3800.0,1650.0
3900000,1775.86,233.617,9474.62,-2325.88,114.545,-2209.95,4572.06,-1070.38,-2800.82,2269.02,1614.93,1880.28,0.00331794,3900.0,1650.0
4000000,1669.25,-3626.43,9474.62,-2332.17,107.668,-2245.94,-179.069,-2541.69,-8158.52,1605.61,150.902,-3244.02,0.00320382,4000.0,1650.0
4100000,1554.44,-3060.08,9474.62,-2327.58,100.262,-2245.42,-1904.03,-3362.6,-3913.62,-5552.37,-1802.95,-4992.89,0.00309528,4100.0,1650.0
4200000,1595.91,-117.949,9474.62,-2323.72,102.937,-2221.48,-5001.84,6038.25,-1390.25,1836.94,4014.55,2678.18,0.00307817,4200.0,1650.0
4300000,1801.88,259.526,9474.62,-2320.87,116.223,-2203.11,-3131.62,2215.03,1695.16,-1722.93,1545.77,-1615.66,0.00317553,4300.0,1650.0
4400000,1580.79,-2587.18,9474.62,-2329.74,101.962,-2243.07,-5535.37,-5061.2,2835.03,3462.38,1232.77,2157.94,0.00318215,4400.0,1650.0
4500000,1571.57,-2237.46,9474.62,-2332.55,101.368,-2244.42,1014.85,-2654.48,-5072.74,-1962.12,2307.22,1498.47,0.00314544,4500.0,1650.0
4600000,1707.73,-3900.19,9474.62,-2330.35,110.15,-2243.27,-3277.0,-1982.73,-6440.85,-3514.04,1436.38,-4801.33,0.00316936,4600.0,1650.0
4700000,1686.59,-2683.92,9474.62,-2328.63,108.786,-2235.71,-7363.89,-7642.53,6954.64,6102.29,-4986.67,-4326.28,0.0031501,4700.0,1650.0
4800000,1640.01,-991.091,9474.62,-2326.91,105.782,-2226.99,5722.32,-8385.88,-309.715,-1362.22,-525.65,-52.9796,0.00316388,4800.0,1650.0
4900000,1644.45,158.625,9474.62,-2323.13,106.068,-2216.12,-272.498,-678.109,1426.48,464.818,17.5735,1522.29,0.00316802,4900.0,1650.0
5000000,1638.86,-3340.33,9474.62,-2329.26,105.708,-2243.31,1632.51,-6498.16,-5155.36,-2384.32,827.421,-998.563,0.0030918,5000.0,1650.0
5100000,1632.99,-2261.1,9474.62,-2324.27,105.329,-2232.31,2667.1,-3627.57,-5822.84,3733.39,-847.444,-1040.79,0.00308741,5100.0,1650.0
5200000,1676.6,-2254.53,9474.62,-2328.51,108.142,-2233.7,-2684.5,-4932.88,853.787,-520.337,-907.144,2681.24,0.00299204,5200.0,1650.0
5300000,1657.64,579.132,9474.62,-2322.42,106.919,-2212.08,-9821.65,5133.09,6425.96,2172.12,-2951.94,-1947.83,0.0029359,5300.0,1650.0
5400000,1714.11,-3264.51,9474.62,-2326.84,110.562,-2235.59,-10667.3,-3204.71,4078.47,1072.8,397.359,-1338.83,0.00291016,5400.0,1650.0
5500000,1682.7,2093.75,9474.62,-2322.29,108.536,-2201.37,-2724.54,1490.18,7515.61,-277.957,-4812.05,774.635,0.00288326,5500.0,1650.0
5600000,1661.08,-3852.31,9474.62,-2328.99,107.141,-2244.63,-120.697,-6473.97,-4962.26,774.711,968.088,2292.03,0.00305303,5600.0,1650.0
5700000,1645.88,1356.63,9474.62,-2321.26,106.16,-2207.08,3305.27,-2247.96,3012.58,864.329,-3133.41,1193.4,0.00301964,5700.0,1650.0
5800000,1559.25,-4039.86,9474.62,-2333.24,100.573,-2256.56,-3467.04,-6102.43,-2550.12,82.6658,-5560.65,3623.92,0.00303847,5800.0,1650.0
5900000,1715.01,-4183.64,9474.62,-2332.07,110.619,-2246.19,-2360.51,-6524.86,-3665.55,625.445,1768.24,1445.62,0.00301897,5900.0,1650.0
6000000,1620.38,-3543.62,9474.62,-2328.37,104.516,-2244.81,-506.059,-7854.87,-2269.93,-908.881,-3395.61,-2093.93,0.00297151,6000.0,1650.0
6100000,1666.38,-1659.18,9474.62,-2326.87,107.483,-2229.19,-743.06,-728.453,-3506.04,4121.71,-2134.53,3363.38,0.00304878,6100.0,1650.0
6200000,1639.74,-1159.26,9474.62,-2327.51,105.765,-2228.6,-4788.41,2979.66,-1669.04,-1340.58,4032.33,1692.59,0.00303261,6200.0,1650.0
6300000,1639.9,283.254,9474.62,-2323.53,105.775,-2216.08,-2364.14,-1299.58,4513.48,-179.311,2379.13,-3985.46,0.00303157,6300.0,1650.0
6400000,1690.86,-6666.14,9474.62,-2333.28,109.062,-2263.64,-13505.8,-1826.42,-4666.19,-7175.69,1213.72,-1667.65,0.00311227,6400.0,1650.0
6500000,1644.65,-2315.99,9474.62,-2325.85,106.082,-2233.46,-8727.11,-394.268,2173.4,1328.81,-6782.85,-3643.05,0.00307019,6500.0,1650.0
6600000,1665.97,-5670.15,9474.62,-2332.72,107.457,-2258.79,-11628.9,-2410.88,-2970.71,1842.98,-3465.59,-1204.17,0.00312203,6600.0,1650.0
6700000,1564.78,-3596.8,9474.62,-2330.17,100.93,-2250.51,2412.77,-1743.99,-11459.2,-306.079,-3751.34,-3260.41,0.0031064,6700.0,1650.0
6800000,1746.33,-1678.12,9474.62,-2327.77,112.64,-2225.06,-6210.37,600.317,575.684,3489.75,1658.15,-1545.25,0.0031732,6800.0,1650.0
6900000,1530.91,-3764.01,9474.62,-2336.49,98.7451,-2260.01,-4085.35,-4465.67,-2741.0,8304.32,285.058,1501.41,0.0032892,6900.0,1650.0
7000000,1631.77,-598.553,9474.62,-2325.14,105.25,-2223.43,28.0654,-2290.26,466.538,2315.21,454.219,-3482.49,0.00325293,7000.0,1650.0
7100000,1610.66,-2140.15,9474.62,-2324.26,103.889,-2233.03,4503.19,-7885.36,-3038.29,-2021.46,-994.866,-3995.03,0.00320684,7100.0,1650.0
7200000,1687.74,-4122.05,9474.62,-2332.89,108.861,-2248.4,-1621.07,-3130.89,-7614.18,575.508,-1688.79,-1460.87,0.00318835,7200.0,1650.0
7300000,1614.16,-1094.74,9474.62,-2323.93,104.115,-2226.29,-1019.71,-4096.64,1832.13,-712.562,-350.354,-728.08,0.00318683,7300.0,1650.0
7400000,1604.51,-2881.01,9474.62,-2325.3,103.492,-2238.84,2956.79,-3702.91,-7896.9,440.348,-3952.28,3425.2,0.00316916,7400.0,1650.0
7500000,1632.1,3033.49,9474.62,-2321.09,105.272,-2197.88,-1306.69,5402.06,5005.1,2548.62,-3029.91,-865.236,0.00320203,7500.0,1650.0
7600000,1637.7,-1518.9,9474.62,-2327.36,105.633,-2230.71,-6520.98,162.904,1801.38,-4080.17,1340.27,4497.59,0.00320912,7600.0,1650.0
7700000,1730.08,-1623.22,9474.62,-2325.4,111.592,-2223.41,-1539.67,-806.741,-2523.26,1062.66,3382.81,137.369,0.00323507,7700.0,1650.0
7800000,1790.88,-2160.58,9474.62,-2333.15,115.513,-2230.42,-3017.42,-2301.23,-1163.09,-336.188,2709.61,1331.28,0.00326609,7800.0,1650.0
7900000,1578.32,-3487.99,9474.62,-2326.7,101.803,-2245.53,930.255,-8927.14,-2467.07,419.069,5841.07,101.61,0.00322505,7900.0,1650.0
8000000,1712.85,314.043,9474.62,-2324.28,110.48,-2211.94,386.988,-4753.25,5308.39,-1104.88,2289.74,2126.09,0.00324369,8000.0,1650.0
8100000,1550.85,-4374.67,9474.62,-2329.75,100.031,-2255.59,-2274.64,-248.584,-10600.8,-1239.03,-1530.66,-2578.71,0.0032418,8100.0,1650.0
8200000,1680.08,-1975.86,9474.62,-2327.38,108.366,-2230.69,-7566.8,2442.32,-803.115,1424.78,-121.374,-2353.1,0.00324988,8200.0,1650.0
8300000,1615.29,-1184.99,9474.62,-2319.5,104.188,-2222.32,-4345.37,4631.43,-3841.04,4626.59,2224.48,600.366,0.00333377,8300.0,1650.0
8400000,1650.59,-1919.55,9474.62,-2330.04,106.464,-2234.92,-4132.73,-3560.94,1935.02,1098.11,-4335.6,447.696,0.00327405,8400.0,1650.0
8500000,1586.94,-4123.01,9474.62,-2332.2,102.359,-2254.23,-6478.47,-1668.03,-4222.52,569.782,716.068,-2349.42,0.00327319,8500.0,1650.0
8600000,1630.87,-3845.69,9474.62,-2328.75,105.193,-2246.3,-7569.4,-1886.56,-2081.1,1414.54,2114.86,-666.118,0.00329455,8600.0,1650.0
8700000,1601.55,-5343.96,9474.62,-2333.22,103.301,-2261.52,-7371.8,-1607.76,-7052.32,-1360.2,48.1619,2239.46,0.00334213,8700.0,1650.0
8800000,1522.27,-5156.44,9474.62,-2325.64,98.1877,-2257.95,-2764.67,-12235.7,-468.929,-4416.08,-4320.44,-2815.8,0.00335697,8800.0,1650.0
8900000,1665.55,-1009.62,9474.62,-2328.55,107.429,-2227.09,-475.02,-2719.59,165.747,2155.18,1381.17,-902.059,0.00333565,8900.0,1650.0
9000000,1721.59,-708.534,9474.62,-2325.85,111.044,-2219.0,-3686.17,-3399.66,4960.23,-1251.96,-580.513,2601.31,0.00336725,9000.0,1650.0
9100000,1642.84,-206.113,9474.62,-2325.19,105.965,-2220.44,-5418.93,1879.06,2921.54,715.177,-990.3,-2487.5,0.00335274,9100.0,1650.0
9200000,1659.04,-2207.7,9474.62,-2325.2,107.01,-2231.25,1143.87,-4765.26,-3001.7,2482.41,-1706.45,1648.27,0.00334881,9200.0,1650.0
9300000,1700.49,-1663.98,9474.62,-2328.76,109.683,-2228.92,-4698.1,-789.784,495.952,745.416,-2709.96,-923.923,0.00346606,9300.0,1650.0
9400000,1655.25,-3991.37,9474.62,-2325.82,106.765,-2242.66,-5126.85,-6064.13,-783.126,2435.61,-318.718,11.437,0.00361863,9400.0,1650.0
9500000,1629.39,-4095.12,9474.62,-2329.44,105.097,-2248.56,-4704.58,-3384.08,-4196.68,-665.21,2388.01,1143.8,0.00365492,9500.0,1650.0
9600000,1697.14,-1111.94,9474.62,-2330.93,109.467,-2228.04,-4522.19,464.598,721.778,176.861,-6027.66,2548.76,0.00366707,9600.0,1650.0
9700000,1529.56,-3323.36,9474.62,-2333.14,98.6579,-2254.13,-5604.26,-1739.89,-2625.92,125.332,-4931.77,7577.43,0.00377699,9700.0,1650.0
9800000,1573.22,685.32,9474.62,-2323.76,101.474,-2218.23,-4312.1,140.883,6227.18,-453.23,4403.5,-2779.65,0.00380897,9800.0,1650.0
9900000,1616.12,-3022.43,9474.62,-2333.25,104.241,-2246.88,798.697,-6992.67,-2873.32,-215.395,-3486.0,-983.176,0.00381291,9900.0,1650.0
10000000,1654.92,-3084.28,9474.62,-2329.06,106.743,-2240.56,1474.63,-3741.79,-6985.69,-249.273,-4739.59,1582.39,0.0038225,10000.0,1650.0
