TimeStep,temp,pressure,vol,pe,ke,enthalpy,pxx,pyy,pzz,pxy,pxz,pyz,visc,time,hold_temp
0,514.456,-2600.88,10655.4,-2831.31,33.1828,-2815.42,-6605.22,1707.23,-2904.65,1245.38,1769.46,-2405.76,0.00244853,0.0,550.0
100000,567.356,-2769.02,10655.4,-2831.74,36.5949,-2813.56,-3345.26,-2393.12,-2568.67,2217.63,997.348,-1214.02,1.47838,100.0,550.0
200000,554.745,-2742.62,10655.4,-2833.27,35.7815,-2815.73,-4347.05,-1405.7,-2475.11,-674.125,615.21,-1624.6,1.40724,200.0,550.0
300000,568.42,-3397.82,10655.4,-2831.95,36.6635,-2817.88,-7606.69,-476.516,-2110.24,-417.504,805.45,-428.052,1.3907,300.0,550.0
400000,549.316,-3165.59,10655.4,-2831.4,35.4314,-2817.02,-2324.46,-1626.25,-5546.07,1964.61,3452.56,-1132.7,1.57076,400.0,550.0
500000,541.145,-2691.12,10655.4,-2832.89,34.9043,-2815.88,-2251.86,-648.762,-5172.72,-1021.57,1659.51,815.088,1.64577,500.0,550.0
600000,545.007,-3070.52,10655.4,-2832.34,35.1534,-2817.6,-4431.29,-927.863,-3852.39,1733.76,1080.02,-961.125,1.69419,600.0,550.0
700000,554.932,-2489.94,10655.4,-2830.03,35.7936,-2810.8,-722.035,-1143.27,-5604.52,2768.03,2491.92,-478.561,1.70749,700.0,550.0
800000,562.45,-3008.97,10655.4,-2831.54,36.2785,-2815.28,-4135.12,877.974,-5769.76,1676.79,2478.56,1207.24,1.66478,800.0,550.0
900000,575.271,-2872.62,10655.4,-2831.68,37.1054,-2813.68,-7495.51,543.729,-1666.08,-221.286,-389.718,-1186.29,1.66072,900.0,550.0
1000000,555.482,-2217.52,10655.4,-2831.22,35.8291,-2810.14,-2715.82,1598.1,-5534.85,2890.66,1970.22,-975.793,1.62393,1000.0,550.0
1100000,554.907,-2803.6,10655.4,-2830.71,35.7919,-2813.56,-2810.5,-1802.47,-3797.83,1734.05,-477.768,312.953,1.5812,1100.0,550.0
1200000,565.809,-3057.32,10655.4,-2832.18,36.4951,-2816.02,-3896.68,1321.63,-6596.92,1493.3,268.744,-362.56,1.48317,1200.0,550.0
1300000,527.805,-2115.07,10655.4,-2831.74,34.0439,-2811.76,-2369.91,-628.33,-3346.98,368.899,604.498,106.16,1.3948,1300.0,550.0
1400000,565.536,-2160.05,10655.4,-2831.01,36.4775,-2808.89,-2727.12,2221.13,-5974.17,2276.03,-215.924,1319.97,1.32691,1400.0,550.0
1500000,570.213,-2905.98,10655.4,-2830.52,36.7792,-2813.07,-3917.31,1944.8,-6745.43,566.144,-318.103,353.31,1.28981,1500.0,550.0
1600000,521.599,-2706.02,10655.4,-2833.09,33.6436,-2817.45,-3513.98,-1084.1,-3519.98,-72.6854,1497.28,468.592,1.23844,1600.0,550.0
1700000,504.426,-3140.46,10655.4,-2831.76,32.5359,-2820.11,-3980.34,-1767.46,-3673.58,2481.08,375.176,-1403.16,1.27014,1700.0,550.0
1800000,583.796,-1083.07,10655.4,-2830.32,37.6553,-2799.87,-910.346,2394.8,-4733.67,-1139.01,-51.929,1444.64,1.25662,1800.0,550.0
1900000,551.289,-2432.62,10655.4,-2830.28,35.5586,-2810.9,-4042.68,1728.27,-4983.43,-33.8124,1972.8,-2179.7,1.21735,1900.0,550.0
2000000,553.78,-2103.49,10655.4,-2832.81,35.7192,-2811.08,-1628.84,-1493.37,-3188.26,1304.46,1811.45,4236.2,1.21555,2000.0,550.0
2100000,569.356,-1609.28,10655.4,-2832.19,36.7239,-2806.17,-2346.51,2674.96,-5156.29,230.437,852.632,2172.21,1.25464,2100.0,550.0
2200000,551.87,-2400.85,10655.4,-2830.78,35.5961,-2811.16,-619.073,1719.01,-8302.48,1236.94,152.224,1819.73,1.28752,2200.0,550.0
2300000,540.714,-3199.45,10655.4,-2833.39,34.8765,-2819.79,-3333.33,-1234.15,-5030.86,699.509,148.013,1934.36,1.31202,2300.0,550.0
2400000,546.865,-2816.32,10655.4,-2833.39,35.2733,-2816.85,-1560.72,-933.603,-5954.62,749.224,1344.78,1772.11,1.33625,2400.0,550.0
2500000,573.867,-1092.22,10655.4,-2830.05,37.0149,-2800.3,-666.391,3595.5,-6205.78,-934.482,672.936,1992.07,1.35953,2500.0,550.0
2600000,564.034,-2393.8,10655.4,-2832.27,36.3806,-2811.81,-4300.78,1476.11,-4356.72,535.972,-523.713,765.997,1.38432,2600.0,550.0
2700000,553.666,-2441.8,10655.4,-2830.36,35.7119,-2810.89,-259.855,2206.36,-9271.9,1368.0,1331.66,651.632,1.40223,2700.0,550.0
2800000,583.271,-625.075,10655.4,-2830.12,37.6215,-2796.66,-931.282,3125.4,-4069.35,3133.43,110.588,1882.97,1.42648,2800.0,550.0
2900000,552.725,-2521.37,10655.4,-2833.7,35.6512,-2814.82,-2760.14,-408.406,-4395.57,253.458,-1421.64,725.214,1.45688,2900.0,550.0
3000000,562.312,-2037.68,10655.4,-2832.68,36.2696,-2809.97,-4054.98,813.545,-2871.59,2098.28,2059.97,4741.9,1.47217,3000.0,550.0
3100000,545.791,-2620.8,10655.4,-2830.64,35.2039,-2812.87,-1979.05,-298.027,-5585.32,2354.61,1274.94,182.948,1.49,3100.0,550.0
3200000,542.989,-1410.8,10655.4,-2830.91,35.0232,-2805.27,-239.108,-697.593,-3295.69,-190.645,235.797,3371.54,1.50809,3200.0,550.0
3300000,507.522,-3577.85,10655.4,-2833.12,32.7356,-2824.18,-3072.83,417.251,-8077.98,1948.91,497.236,2448.17,1.52192,3300.0,550.0
3400000,569.901,-2808.83,10655.4,-2833.15,36.759,-2815.07,-339.172,-1189.91,-6897.4,2283.93,485.729,1236.31,1.53367,3400.0,550.0
3500000,535.508,-2698.34,10655.4,-2831.97,34.5407,-2815.37,-1957.83,43.0751,-6180.28,101.556,-2257.89,1419.33,1.54699,3500.0,550.0
3600000,534.807,-2743.31,10655.4,-2833.61,34.4955,-2817.36,-1891.92,-2923.22,-3414.8,3290.99,-2868.31,991.213,1.55928,3600.0,550.0
3700000,561.399,-2297.18,10655.4,-2829.24,36.2107,-2808.31,-1629.79,759.396,-6021.13,144.509,-1285.01,1148.82,1.58388,3700.0,550.0
3800000,560.556,-2585.73,10655.4,-2832.41,36.1563,-2813.45,-1004.48,-2162.98,-4589.73,2277.2,377.844,2561.88,1.58491,3800.0,550.0
3900000,535.113,-2865.43,10655.4,-2833.21,34.5152,-2817.75,-2500.06,-942.956,-5153.28,1435.23,952.918,1614.65,1.58819,3900.0,550.0
4000000,535.011,-3016.84,10655.4,-2832.72,34.5086,-2818.28,-4355.36,-1426.08,-3269.08,-2170.09,-349.183,1117.98,1.5788,4000.0,550.0
4100000,607.942,-1591.69,10655.4,-2831.43,39.2128,-2802.8,-408.651,718.235,-5084.65,-462.211,-512.433,3706.48,1.5704,4100.0,550.0
4200000,574.24,-3621.78,10655.4,-2832.44,37.039,-2819.48,417.011,-3822.77,-7459.58,595.13,-964.524,1646.09,1.55867,4200.0,550.0
4300000,554.586,-3440.42,10655.4,-2831.5,35.7712,-2818.61,-2031.49,-264.037,-8025.73,-604.322,1114.49,3402.54,1.54361,4300.0,550.0
4400000,541.591,-2761.88,10655.4,-2829.54,34.933,-2812.97,-2145.71,-1071.63,-5068.29,1229.66,-203.974,1633.43,1.52748,4400.0,550.0
4500000,507.857,-3039.79,10655.4,-2830.63,32.7572,-2818.08,-2893.24,873.715,-7099.85,588.353,747.4,1098.64,1.51771,4500.0,550.0
4600000,567.892,-3478.29,10655.4,-2831.63,36.6295,-2818.13,-404.892,-4110.06,-5919.9,1790.23,-151.383,3061.04,1.50634,4600.0,550.0
4700000,542.054,-3221.78,10655.4,-2833.37,34.9629,-2819.84,-1791.12,-2089.75,-5784.46,2482.9,-0.909396,2894.77,1.50049,4700.0,550.0
4800000,550.268,-3101.67,10655.4,-2833.89,35.4927,-2819.03,-3308.55,-2754.41,-3242.05,1156.19,-1211.72,1586.28,1.49398,4800.0,550.0
4900000,563.236,-3567.03,10655.4,-2832.31,36.3292,-2819.7,-4374.78,-1044.8,-5281.49,2150.61,2118.07,2587.27,1.48403,4900.0,550.0
5000000,533.908,-2725.33,10655.4,-2833.0,34.4375,-2816.69,-544.899,-3736.25,-3894.85,-1193.74,-1347.64,1878.79,1.47432,5000.0,550.0
5100000,556.282,-3315.28,10655.4,-2832.97,35.8807,-2819.14,-2281.29,-2096.03,-5568.51,854.491,1315.09,637.312,1.46307,5100.0,550.0
5200000,570.745,-2253.15,10655.4,-2832.3,36.8135,-2810.47,-430.788,-2070.69,-4257.98,827.431,241.078,1981.57,1.45526,5200.0,550.0
5300000,537.619,-3192.79,10655.4,-2829.71,34.6768,-2816.26,-2765.73,-1243.45,-5569.19,-220.535,511.87,3250.6,1.44623,5300.0,550.0
5400000,551.79,-2473.94,10655.4,-2832.01,35.5909,-2812.87,-1360.63,-1109.42,-4951.78,318.322,1043.91,142.657,1.43891,5400.0,550.0
5500000,554.088,-3804.2,10655.4,-2834.11,35.7391,-2823.68,-5119.61,-2699.34,-3593.66,1258.77,54.8668,1570.71,1.4368,5500.0,550.0
5600000,558.194,-3129.58,10655.4,-2833.66,36.004,-2818.47,-1156.65,-1047.79,-7184.31,3865.21,2475.37,403.297,1.44838,5600.0,550.0
5700000,565.411,-2336.25,10655.4,-2829.92,36.4695,-2808.99,-1721.11,741.093,-6028.72,-867.33,783.872,1989.49,1.46439,5700.0,550.0
5800000,541.598,-3639.39,10655.4,-2833.52,34.9335,-2822.79,174.199,-3029.07,-8063.31,-1650.49,-518.074,-2386.31,1.45917,5800.0,550.0
5900000,519.876,-2402.84,10655.4,-2830.84,33.5325,-2813.29,686.082,724.873,-8619.48,685.233,-120.83,-625.862,1.46425,5900.0,550.0
6000000,524.041,-4168.98,10655.4,-2835.23,33.8011,-2829.16,-3859.31,-1864.31,-6783.31,1638.82,4089.17,1248.57,1.4722,6000.0,550.0
6100000,518.608,-3377.3,10655.4,-2832.68,33.4506,-2821.69,-978.298,-1938.74,-7214.86,262.049,1696.42,1469.71,1.47694,6100.0,550.0
6200000,540.94,-2035.71,10655.4,-2830.51,34.891,-2809.15,-440.827,1577.61,-7243.9,1160.01,-50.1909,-1966.64,1.46789,6200.0,550.0
6300000,554.813,-2454.19,10655.4,-2832.77,35.7859,-2813.3,-2917.8,-853.497,-3591.27,487.178,1034.06,-189.436,1.46117,6300.0,550.0
6400000,548.019,-2099.92,10655.4,-2829.45,35.3477,-2808.07,-1913.36,1441.78,-5828.17,864.212,1066.25,-1350.08,1.45221,6400.0,550.0
6500000,569.834,-2156.8,10655.4,-2832.02,36.7548,-2809.61,-2989.59,1585.48,-5066.3,757.764,-1486.58,1112.02,1.44431,6500.0,550.0
6600000,546.688,-1973.16,10655.4,-2833.03,35.2618,-2810.89,-922.717,20.9624,-5017.72,2415.71,1191.58,2027.65,1.4405,6600.0,550.0
6700000,515.284,-2340.15,10655.4,-2833.1,33.2362,-2815.42,-47.5418,409.237,-7382.15,-1220.59,37.3235,1751.2,1.43815,6700.0,550.0
6800000,539.163,-3647.82,10655.4,-2835.35,34.7764,-2824.84,-2820.29,28.2903,-8151.48,-1270.44,1947.12,3035.81,1.43666,6800.0,550.0
6900000,542.075,-1288.2,10655.4,-2831.28,34.9643,-2804.89,1323.27,565.242,-5753.13,103.14,1266.22,1243.36,1.44154,6900.0,550.0
7000000,566.511,-3193.58,10655.4,-2832.49,36.5404,-2817.19,-3100.13,1541.4,-8022.0,-743.22,56.2904,39.0281,1.44936,7000.0,550.0
7100000,521.217,-2567.7,10655.4,-2833.49,33.6189,-2816.94,-2174.12,1663.4,-7192.39,-524.451,996.34,712.988,1.45988,7100.0,550.0
7200000,545.689,-2515.34,10655.4,-2830.21,35.1974,-2811.74,-227.07,1543.17,-8862.13,1172.47,75.267,-127.324,1.46907,7200.0,550.0
7300000,558.174,-3495.53,10655.4,-2833.93,36.0026,-2821.18,-3103.04,-100.427,-7283.14,131.665,2361.74,1562.16,1.4787,7300.0,550.0
7400000,535.464,-2614.87,10655.4,-2832.63,34.5379,-2815.49,-558.134,-415.132,-6871.36,-73.4837,-389.206,1698.28,1.48767,7400.0,550.0
7500000,553.634,-3099.08,10655.4,-2831.73,35.7098,-2816.63,-2326.3,-3070.53,-3900.39,-405.744,391.958,1256.23,1.49472,7500.0,550.0
7600000,584.244,-3974.26,10655.4,-2833.21,37.6842,-2821.95,-3383.89,-1067.19,-7471.7,1449.44,1750.96,488.426,1.48491,7600.0,550.0
7700000,551.424,-3599.21,10655.4,-2833.73,35.5673,-2822.1,-304.2,-659.51,-9833.93,60.6488,366.541,485.659,1.47476,7700.0,550.0
7800000,524.824,-3491.22,10655.4,-2832.15,33.8515,-2821.52,-1550.31,-1057.17,-7866.18,1605.69,807.284,-398.852,1.46647,7800.0,550.0
7900000,547.931,-4109.69,10655.4,-2833.64,35.342,-2825.63,-1986.92,-1848.24,-8493.91,2633.46,2156.74,2197.75,1.46037,7900.0,550.0
8000000,558.337,-4175.01,10655.4,-2835.96,36.0132,-2827.72,-451.085,-1048.34,-11025.6,1877.97,92.2702,329.282,1.46036,8000.0,550.0
8100000,543.176,-2321.68,10655.4,-2831.54,35.0353,-2811.94,-626.691,1812.3,-8150.66,2214.7,2563.37,864.422,1.45981,8100.0,550.0
8200000,560.343,-3590.93,10655.4,-2833.36,36.1426,-2821.1,-1450.65,-3057.5,-6264.63,1265.22,-15.3818,1829.68,1.44923,8200.0,550.0
8300000,527.99,-2926.09,10655.4,-2832.78,34.0558,-2818.18,-1726.7,1137.61,-8189.17,1336.72,-719.43,382.605,1.43603,8300.0,550.0
8400000,560.573,-2958.93,10655.4,-2832.25,36.1574,-2815.77,2484.24,-975.793,-10385.2,2734.7,-993.547,1975.18,1.43351,8400.0,550.0
8500000,564.902,-4426.85,10655.4,-2835.35,36.4366,-2828.35,-1410.32,-474.78,-11395.5,364.307,1688.5,1857.05,1.43729,8500.0,550.0
8600000,541.36,-2380.29,10655.4,-2831.63,34.9181,-2812.54,-2492.96,728.402,-5376.32,415.26,-1702.28,392.622,1.44506,8600.0,550.0
8700000,538.97,-3282.3,10655.4,-2833.72,34.764,-2820.79,-2460.22,1211.55,-8598.24,-1505.2,295.667,2702.07,1.45066,8700.0,550.0
8800000,536.671,-2811.47,10655.4,-2830.32,34.6157,-2814.4,-2648.76,162.657,-5948.3,1913.25,118.583,1376.96,1.45067,8800.0,550.0
8900000,563.352,-3892.81,10655.4,-2831.38,36.3367,-2820.93,-2131.74,-2294.71,-7251.99,1427.49,3127.15,403.033,1.45251,8900.0,550.0
9000000,567.906,-2735.17,10655.4,-2832.78,36.6304,-2814.34,-978.483,598.314,-7825.34,2040.05,1137.69,759.127,1.45522,9000.0,550.0
9100000,581.335,-3652.78,10655.4,-2833.21,37.4966,-2820.01,-2556.64,-1899.85,-6501.83,2042.44,1550.67,-414.659,1.45487,9100.0,550.0
9200000,550.913,-2987.19,10655.4,-2831.72,35.5343,-2816.05,-1182.88,-15.1249,-7763.57,970.015,1286.13,360.473,1.46718,9200.0,550.0
9300000,533.059,-3963.15,10655.4,-2834.87,34.3827,-2826.85,-3497.04,-209.042,-8183.36,1649.61,159.428,659.898,1.48288,9300.0,550.0
9400000,526.477,-2860.8,10655.4,-2833.95,33.9582,-2819.01,-2244.4,-723.716,-5614.29,2645.82,1075.78,576.987,1.50059,9400.0,550.0
9500000,543.507,-3778.54,10655.4,-2833.37,35.0566,-2823.44,-1138.04,-786.925,-9410.67,1234.71,1914.01,2184.23,1.51809,9500.0,550.0
9600000,544.156,-3439.79,10655.4,-2832.72,35.0985,-2820.5,-3966.93,-15.2527,-6337.2,462.354,984.267,2121.26,1.53331,9600.0,550.0
9700000,582.313,-3268.38,10655.4,-2830.7,37.5596,-2814.88,-1119.16,-3444.29,-5241.68,2102.18,2685.01,1358.58,1.55032,9700.0,550.0
9800000,571.721,-3547.05,10655.4,-2833.68,36.8765,-2820.39,-3869.62,-1592.89,-5178.62,267.866,1257.18,1817.85,1.56671,9800.0,550.0
9900000,573.303,-2100.32,10655.4,-2831.23,36.9785,-2808.22,-4080.23,2076.37,-4297.11,3004.78,2986.97,2369.04,1.58289,9900.0,550.0
10000000,518.266,-3315.3,10655.4,-2831.02,33.4286,-2819.64,-711.655,-2537.65,-6696.6,3134.53,2797.89,918.483,1.59465,10000.0,550.0
