TimeStep,temp,pressure,vol,pe,ke,enthalpy,pxx,pyy,pzz,pxy,pxz,pyz,visc,time,hold_temp
0,634.057,1494.13,8873.69,-2447.47,40.8972,-2398.3,2381.34,1918.16,182.894,-659.101,371.745,1432.89,0.00043273,0.0,650.0
100000,630.566,2349.52,8873.69,-2448.35,40.672,-2394.66,703.358,1088.64,5256.55,-1286.65,259.946,-164.062,0.429755,100.0,650.0
200000,672.88,2926.57,8873.69,-2448.83,43.4013,-2389.22,3329.68,5282.09,167.934,-45.8089,-737.685,2913.94,0.405827,200.0,650.0
300000,661.26,2724.85,8873.69,-2450.26,42.6518,-2392.52,7250.44,2024.12,-1100.0,26.446,-1480.99,496.535,0.451676,300.0,650.0
400000,676.109,1788.72,8873.69,-2449.69,43.6096,-2396.18,2905.66,2541.83,-81.3303,-1385.5,383.249,1906.58,0.396173,400.0,650.0
500000,681.559,4266.88,8873.69,-2448.61,43.9611,-2381.02,8185.97,4093.5,521.149,-634.776,-228.924,2645.12,0.413901,500.0,650.0
600000,662.118,2664.23,8873.69,-2447.08,42.7072,-2389.62,6184.91,2161.61,-353.828,-842.98,-546.744,2562.93,0.481478,600.0,650.0
700000,662.384,2932.96,8873.69,-2448.29,42.7243,-2389.32,3350.34,6707.46,-1258.91,1840.72,1641.39,1406.68,0.540324,700.0,650.0
800000,617.698,5040.34,8873.69,-2443.72,39.842,-2375.96,9325.31,4428.02,1367.7,-2106.53,-1446.15,-1185.0,0.583818,800.0,650.0
900000,663.024,2696.04,8873.69,-2443.06,42.7656,-2385.36,3981.91,899.484,3206.72,2762.93,-1726.21,-2184.02,0.599328,900.0,650.0
1000000,653.117,2795.05,8873.69,-2449.01,42.1266,-2391.41,5096.64,1299.23,1989.29,98.1535,-171.883,1197.42,0.608863,1000.0,650.0
1100000,643.107,1287.29,8873.69,-2449.96,41.4809,-2401.35,-106.352,755.374,3212.85,2542.8,785.828,562.074,0.636539,1100.0,650.0
1200000,672.142,2459.46,8873.69,-2449.64,43.3537,-2392.67,4453.61,3269.75,-344.984,2471.04,2204.82,-885.895,0.620684,1200.0,650.0
1300000,632.378,2958.49,8873.69,-2447.11,40.7889,-2389.93,6926.27,2839.2,-889.989,2311.65,1060.17,984.382,0.620355,1300.0,650.0
1400000,637.968,3028.0,8873.69,-2447.43,41.1494,-2389.51,4430.18,2535.0,2118.82,239.424,763.022,1278.34,0.642542,1400.0,650.0
1500000,652.591,3743.4,8873.69,-2446.44,42.0927,-2383.61,5574.5,4426.66,1229.05,400.824,-136.949,1312.74,0.663483,1500.0,650.0
1600000,653.691,4301.62,8873.69,-2449.08,42.1636,-2383.09,6417.04,1469.08,5018.72,-173.046,175.086,-925.95,0.659558,1600.0,650.0
1700000,628.173,4233.62,8873.69,-2446.21,40.5176,-2382.24,7039.81,4412.39,1248.66,87.5858,-1321.05,5614.61,0.646562,1700.0,650.0
1800000,676.803,3123.13,8873.69,-2448.47,43.6543,-2387.52,6145.19,4569.71,-1345.51,-2483.61,820.3,1322.15,0.645837,1800.0,650.0
1900000,666.537,2787.86,8873.69,-2448.73,42.9922,-2390.3,6728.22,2685.09,-1049.71,-327.924,-1315.06,2459.85,0.654732,1900.0,650.0
2000000,676.646,4164.06,8873.69,-2445.19,43.6442,-2378.48,8935.87,1954.04,1602.27,3474.22,301.257,303.055,0.660536,2000.0,650.0
2100000,661.991,3921.54,8873.69,-2446.29,42.699,-2381.87,5047.74,4693.88,2023.0,2236.14,-451.858,4563.59,0.670729,2100.0,650.0
2200000,628.195,2028.69,8873.69,-2449.36,40.5191,-2397.6,5301.7,-1859.91,2644.26,2277.35,1473.74,1812.35,0.683102,2200.0,650.0
2300000,670.643,2909.84,8873.69,-2448.63,43.257,-2389.26,1550.99,2597.59,4580.93,1675.61,99.6874,1501.36,0.71118,2300.0,650.0
2400000,677.367,4244.67,8873.69,-2445.4,43.6907,-2378.2,4795.66,4216.9,3721.45,1802.43,1946.77,-778.019,0.719328,2400.0,650.0
2500000,671.578,4936.19,8873.69,-2444.64,43.3173,-2373.99,8803.23,5770.62,234.719,1230.68,286.498,1050.99,0.737593,2500.0,650.0
2600000,670.9,3423.37,8873.69,-2447.72,43.2736,-2385.48,2642.08,5345.58,2282.47,65.8918,451.135,426.85,0.743099,2600.0,650.0
2700000,685.361,3602.02,8873.69,-2447.31,44.2063,-2383.15,7553.78,-147.61,3399.9,-122.324,-684.179,1719.67,0.723687,2700.0,650.0
2800000,634.013,3473.54,8873.69,-2446.49,40.8944,-2386.35,4247.62,3577.64,2595.36,69.1286,-114.832,-270.575,0.71593,2800.0,650.0
2900000,633.034,2639.8,8873.69,-2447.53,40.8312,-2392.08,5242.09,2875.03,-197.717,1629.4,320.482,3137.77,0.718348,2900.0,650.0
3000000,641.651,4526.86,8873.69,-2444.89,41.387,-2378.43,8182.13,3206.32,2192.12,-479.518,3799.47,-369.433,0.713483,3000.0,650.0
3100000,657.651,3420.05,8873.69,-2447.3,42.419,-2385.94,4253.73,4137.45,1868.97,-1330.66,200.398,4214.55,0.710186,3100.0,650.0
3200000,625.811,1159.6,8873.69,-2448.52,40.3653,-2401.73,4959.32,489.207,-1969.73,-800.479,-1066.57,1486.09,0.70724,3200.0,650.0
3300000,680.508,1803.62,8873.69,-2447.74,43.8933,-2393.86,-1553.95,6388.18,576.628,1129.1,-4344.73,-1061.35,0.706253,3300.0,650.0
3400000,648.513,1340.31,8873.69,-2449.29,41.8296,-2400.04,4554.58,-1154.75,621.112,-1406.97,-901.926,1795.67,0.70496,3400.0,650.0
3500000,646.848,4022.54,8873.69,-2448.38,41.7222,-2384.38,5454.43,3324.17,3289.03,-41.2121,47.1268,1647.46,0.701355,3500.0,650.0
3600000,642.898,1799.61,8873.69,-2448.24,41.4675,-2396.8,2928.72,918.757,1551.36,-1814.98,-844.159,1468.6,0.700104,3600.0,650.0
3700000,617.023,1545.41,8873.69,-2448.96,39.7985,-2400.6,2328.8,-829.65,3137.07,-4263.4,797.652,-1162.9,0.703281,3700.0,650.0
3800000,676.199,2995.78,8873.69,-2449.62,43.6154,-2389.41,536.338,4170.97,4280.02,-2369.0,-3927.84,336.334,0.714679,3800.0,650.0
3900000,647.761,1536.16,8873.69,-2449.81,41.7811,-2399.52,3102.44,-1322.14,2828.19,-742.987,-828.349,-190.661,0.721745,3900.0,650.0
4000000,649.131,3651.6,8873.69,-2446.95,41.8695,-2384.85,4655.41,3509.34,2790.05,1428.69,1283.18,215.166,0.725444,4000.0,650.0
4100000,643.319,2851.96,8873.69,-2448.93,41.4946,-2391.63,3803.0,3033.16,1719.72,-949.455,2585.27,-3612.67,0.736593,4100.0,650.0
4200000,661.876,3312.57,8873.69,-2446.58,42.6915,-2385.54,4463.12,-1456.18,6930.78,403.625,-716.912,-1284.29,0.745528,4200.0,650.0
4300000,652.401,4495.56,8873.69,-2443.14,42.0804,-2376.16,7820.9,-1015.43,6681.22,-706.466,1614.78,-1104.69,0.755965,4300.0,650.0
4400000,652.894,2478.48,8873.69,-2447.25,42.1122,-2391.41,4169.29,1951.4,1314.74,961.9,968.548,-659.326,0.770883,4400.0,650.0
4500000,652.646,3828.88,8873.69,-2448.82,42.0962,-2385.52,4172.23,3041.23,4273.17,-308.088,430.114,-1655.19,0.777978,4500.0,650.0
4600000,677.876,2426.78,8873.69,-2451.47,43.7236,-2394.31,4941.93,540.771,1797.63,134.013,3320.59,2976.66,0.796967,4600.0,650.0
4700000,670.477,2932.85,8873.69,-2448.47,43.2463,-2388.98,2462.44,2572.3,3763.79,-2670.72,5041.8,1412.85,0.849583,4700.0,650.0
4800000,672.281,1148.3,8873.69,-2450.49,43.3626,-2400.76,665.63,2368.72,410.537,-4512.23,2578.1,3406.38,0.894636,4800.0,650.0
4900000,627.716,2676.52,8873.69,-2449.49,40.4882,-2394.18,5404.44,-1670.42,4295.52,-292.645,2720.02,3024.7,0.940614,4900.0,650.0
5000000,671.707,2943.9,8873.69,-2446.93,43.3257,-2387.3,896.072,3634.88,4300.75,-4309.04,2374.7,4832.03,0.983693,5000.0,650.0
5100000,663.803,3534.89,8873.69,-2450.2,42.8158,-2387.81,8420.1,768.234,1416.35,-1716.62,896.084,3036.85,1.02897,5100.0,650.0
5200000,689.486,3343.1,8873.69,-2447.87,44.4724,-2384.88,5258.6,858.843,3911.87,-4101.8,818.012,1743.44,1.07067,5200.0,650.0
5300000,611.085,1800.01,8873.69,-2450.32,39.4155,-2400.94,342.19,3659.01,1398.83,-1911.25,1877.25,2418.47,1.10947,5300.0,650.0
5400000,642.037,1169.46,8873.69,-2450.23,41.4119,-2402.34,1495.49,1876.35,136.529,-833.789,5082.94,-1150.37,1.14785,5400.0,650.0
5500000,665.731,3129.6,8873.69,-2448.18,42.9402,-2387.91,4530.12,1774.66,3084.04,-3581.25,2667.21,1468.24,1.18421,5500.0,650.0
5600000,635.637,2193.58,8873.69,-2448.16,40.9991,-2395.01,3277.83,-1270.99,4573.9,-2093.54,2592.0,255.059,1.21763,5600.0,650.0
5700000,620.535,806.581,8873.69,-2451.26,40.025,-2406.77,4119.25,-1044.57,-654.933,-1469.24,3614.7,1513.73,1.25158,5700.0,650.0
5800000,669.716,4121.41,8873.69,-2448.93,43.1972,-2382.9,2728.84,7636.0,1999.39,-1643.3,2231.91,44.5797,1.28585,5800.0,650.0
5900000,658.511,3726.79,8873.69,-2447.82,42.4745,-2384.7,4815.76,2797.99,3566.63,-979.693,3632.9,2328.96,1.31578,5900.0,650.0
6000000,649.267,2443.38,8873.69,-2448.22,41.8782,-2392.81,4022.08,-689.944,3998.02,-2900.77,2142.64,1989.71,1.34508,6000.0,650.0
6100000,615.621,2756.33,8873.69,-2449.23,39.7081,-2394.26,2886.38,1207.22,4175.4,-66.4025,2522.28,-352.53,1.37619,6100.0,650.0
6200000,659.776,2287.18,8873.69,-2449.92,42.5561,-2394.69,3621.13,1406.98,1833.43,-3107.62,1753.02,4811.82,1.40505,6200.0,650.0
6300000,667.802,2930.91,8873.69,-2449.88,43.0738,-2390.58,6494.27,964.717,1333.76,-4787.58,848.252,1623.46,1.43159,6300.0,650.0
6400000,697.43,2988.09,8873.69,-2449.39,44.9848,-2387.86,2104.99,2952.96,3906.32,-2361.71,2058.97,4265.82,1.45708,6400.0,650.0
6500000,647.206,1924.81,8873.69,-2451.14,41.7453,-2398.74,3856.52,539.167,1378.73,-2459.51,1795.06,1173.6,1.48373,6500.0,650.0
6600000,612.295,3274.43,8873.69,-2445.85,39.4935,-2388.23,-19.4006,4787.35,5055.33,-2118.38,1666.32,1414.99,1.51083,6600.0,650.0
6700000,671.916,3002.87,8873.69,-2448.19,43.3391,-2388.22,3362.61,3297.58,2348.42,-3267.39,1783.68,3496.12,1.53632,6700.0,650.0
6800000,638.256,2180.7,8873.69,-2449.48,41.168,-2396.23,3752.48,1548.44,1241.16,-4091.14,695.146,2715.91,1.56138,6800.0,650.0
6900000,642.82,2824.49,8873.69,-2448.6,41.4624,-2391.49,4040.34,2964.38,1468.75,-968.409,2693.67,3770.24,1.58796,6900.0,650.0
7000000,649.262,2942.57,8873.69,-2447.59,41.8779,-2389.42,1312.23,3643.65,3871.83,-1032.83,3331.59,-651.876,1.61219,7000.0,650.0
7100000,683.483,1382.7,8873.69,-2451.11,44.0852,-2399.37,2640.27,13.9264,1493.9,-2974.83,3499.84,300.201,1.63516,7100.0,650.0
7200000,651.978,1933.9,8873.69,-2448.99,42.0531,-2396.23,-820.537,2715.34,3906.9,-3149.05,1227.97,-4018.41,1.65498,7200.0,650.0
7300000,620.093,2682.46,8873.69,-2449.48,39.9965,-2394.62,5717.42,3405.69,-1075.73,-2950.34,1271.42,-399.616,1.67753,7300.0,650.0
7400000,607.612,2449.3,8873.69,-2448.85,39.1915,-2396.09,3465.69,1704.62,2177.59,-924.517,-627.151,1212.96,1.6958,7400.0,650.0
7500000,665.003,4227.83,8873.69,-2448.73,42.8932,-2382.42,4612.61,2289.49,5781.38,-754.567,1241.73,2192.35,1.71152,7500.0,650.0
7600000,610.515,1512.18,8873.69,-2452.12,39.3787,-2404.37,2864.41,1594.65,77.4744,1942.07,1867.46,-385.972,1.73018,7600.0,650.0
7700000,624.52,2822.62,8873.69,-2447.81,40.282,-2391.9,3682.81,1529.78,3255.26,-4064.61,4102.53,856.511,1.74749,7700.0,650.0
7800000,645.388,635.155,8873.69,-2452.17,41.628,-2407.02,1732.41,-116.83,289.881,-596.826,3808.83,232.891,1.76427,7800.0,650.0
7900000,650.257,380.344,8873.69,-2450.79,41.9421,-2406.75,1762.7,-1749.31,1127.64,-2104.59,2669.85,-1220.86,1.78204,7900.0,650.0
8000000,632.236,2756.35,8873.69,-2447.8,40.7797,-2391.75,3446.22,1297.03,3525.79,-1601.6,1360.39,2054.5,1.79874,8000.0,650.0
8100000,630.798,1192.18,8873.69,-2450.16,40.687,-2402.87,2919.02,-755.3,1412.83,-3528.44,242.013,572.988,1.8155,8100.0,650.0
8200000,597.673,427.966,8873.69,-2451.92,38.5504,-2411.0,-1895.5,1346.11,1833.29,-3618.75,3977.96,1929.75,1.8307,8200.0,650.0
8300000,642.857,2385.58,8873.69,-2449.18,41.4648,-2394.51,4230.09,-226.157,3152.81,-328.12,2520.51,926.839,1.84767,8300.0,650.0
8400000,644.145,3465.92,8873.69,-2448.65,41.5479,-2387.91,2381.81,1384.82,6631.15,-1974.33,1506.67,2269.18,1.86594,8400.0,650.0
8500000,661.973,3678.92,8873.69,-2446.2,42.6978,-2383.12,7577.65,1672.25,1786.86,-4997.52,-856.72,1684.78,1.8813,8500.0,650.0
8600000,625.897,2592.92,8873.69,-2447.18,40.3709,-2392.45,4562.54,771.74,2444.48,-392.973,961.051,-320.765,1.89466,8600.0,650.0
8700000,633.823,1676.99,8873.69,-2449.79,40.8821,-2399.62,3567.54,-815.774,2279.19,-2685.73,-1412.39,2897.91,1.91062,8700.0,650.0
8800000,675.368,1761.69,8873.69,-2451.29,43.5618,-2397.97,4384.79,-765.292,1665.55,196.447,2052.29,73.8846,1.926,8800.0,650.0
8900000,633.208,2176.61,8873.69,-2447.94,40.8424,-2395.04,6685.08,-23.077,-132.159,-2348.73,-118.758,1198.8,1.93989,8900.0,650.0
9000000,630.901,2427.27,8873.69,-2446.13,40.6936,-2391.99,778.569,4120.39,2382.84,-1931.45,3476.75,168.903,1.95439,9000.0,650.0
9100000,659.746,2894.05,8873.69,-2449.56,42.5541,-2390.97,4815.44,3900.62,-33.9214,-4205.31,3092.55,-4850.61,1.96974,9100.0,650.0
9200000,644.774,2450.56,8873.69,-2450.36,41.5885,-2395.2,5681.54,-584.666,2254.81,-3549.05,3264.47,183.842,1.98613,9200.0,650.0
9300000,639.583,1614.13,8873.69,-2451.61,41.2536,-2401.42,4880.22,-2261.41,2223.57,-558.834,1004.09,-531.46,1.9997,9300.0,650.0
9400000,648.712,3222.76,8873.69,-2446.62,41.8424,-2386.93,5314.22,1380.59,2973.46,-2135.93,3835.46,667.132,2.01264,9400.0,650.0
9500000,653.157,2895.33,8873.69,-2449.02,42.1291,-2390.86,5133.4,1002.71,2549.87,-3746.2,2216.11,-631.192,2.02962,9500.0,650.0
9600000,656.988,2150.05,8873.69,-2445.07,42.3762,-2390.79,2407.35,839.429,3203.38,-1513.77,2941.03,1005.39,2.0442,9600.0,650.0
9700000,609.851,911.134,8873.69,-2450.35,39.3359,-2405.97,3344.06,-1501.77,891.113,-1104.29,3129.84,4185.31,2.05993,9700.0,650.0
9800000,639.283,2152.58,8873.69,-2447.6,41.2342,-2394.44,4773.81,-304.753,1988.67,-2524.82,1379.39,-840.87,2.0701,9800.0,650.0
9900000,670.948,3458.09,8873.69,-2448.97,43.2767,-2386.54,7133.75,3112.74,127.763,-1539.38,996.091,253.636,2.06844,9900.0,650.0
10000000,651.958,3364.63,8873.69,-2447.62,42.0518,-2386.93,3766.6,2105.88,4221.4,-4348.63,474.187,391.22,2.06597,10000.0,650.0
