TimeStep,temp,pressure,vol,pe,ke,enthalpy,pxx,pyy,pzz,pxy,pxz,pyz,visc,time,hold_temp
0,107.566,158.871,9494.42,-2652.49,6.9381,-2644.61,2184.25,-147.808,-1559.83,-1207.64,1845.04,1333.57,0.00761142,0.0,100.0
100000,100.181,-162.288,9494.42,-2652.71,6.46174,-2647.21,2088.83,-2070.37,-505.319,-277.255,971.309,561.928,7.82213,100.0,100.0
200000,103.419,8.03389,9494.42,-2652.9,6.67063,-2646.18,1228.65,-1029.64,-174.901,-816.965,530.129,724.223,7.86814,200.0,100.0
300000,105.606,-9.49605,9494.42,-2652.7,6.8117,-2645.95,663.327,-136.296,-555.519,-134.804,218.828,1359.14,7.83981,300.0,100.0
400000,95.0746,-159.988,9494.42,-2652.87,6.13239,-2647.69,900.967,-1015.22,-365.707,-1779.53,1524.67,889.024,7.8627,400.0,100.0
500000,94.451,-308.342,9494.42,-2653.05,6.09216,-2648.79,347.994,-1396.14,123.123,-1912.0,501.356,373.691,7.8609,500.0,100.0
600000,95.6033,435.067,9494.42,-2652.62,6.16649,-2643.88,1402.7,-451.687,354.186,-775.008,519.3,303.809,7.86783,600.0,100.0
700000,104.908,76.9531,9494.42,-2652.76,6.76667,-2645.54,1844.38,-1075.23,-538.3,-1169.15,635.06,1636.99,7.87146,700.0,100.0
800000,92.7782,225.2,9494.42,-2652.86,5.98427,-2645.54,1683.62,-464.141,-543.878,-680.909,1331.07,1401.95,7.88104,800.0,100.0
900000,103.605,416.582,9494.42,-2652.94,6.68264,-2643.79,2722.4,-1563.31,90.6551,-1197.5,587.234,400.656,7.88825,900.0,100.0
1000000,105.522,625.464,9494.42,-2652.73,6.80624,-2642.22,1849.89,-716.385,742.893,-1586.98,740.604,1164.11,7.88158,1000.0,100.0
1100000,106.985,116.513,9494.42,-2652.94,6.90063,-2645.35,1124.9,-1297.95,522.58,-478.089,1985.83,1448.98,7.89008,1100.0,100.0
1200000,105.261,187.49,9494.42,-2652.77,6.78941,-2644.87,1041.09,-1028.05,549.426,-1635.72,1874.07,535.655,7.89794,1200.0,100.0
1300000,97.9902,723.448,9494.42,-2652.39,6.32045,-2641.79,1503.52,5.35081,661.476,-2203.72,1320.15,1439.51,7.90802,1300.0,100.0
1400000,91.7737,309.423,9494.42,-2652.76,5.91948,-2645.01,1457.47,-1619.49,1090.29,-1542.1,951.627,405.607,7.90443,1400.0,100.0
1500000,96.0337,208.922,9494.42,-2652.92,6.19425,-2645.49,2029.11,-1388.26,-14.0865,-583.677,1573.53,999.352,7.91154,1500.0,100.0
1600000,100.051,76.1258,9494.42,-2653.19,6.45338,-2646.29,1332.31,-1420.52,316.585,-161.576,108.69,1216.17,7.91142,1600.0,100.0
1700000,105.455,-43.799,9494.42,-2652.82,6.80193,-2646.28,1233.02,-467.05,-897.368,-1599.12,1187.4,1044.03,7.91826,1700.0,100.0
1800000,93.5621,-143.207,9494.42,-2652.49,6.03483,-2647.31,-302.479,-1121.16,994.019,-613.727,543.441,980.958,7.92267,1800.0,100.0
1900000,105.24,153.599,9494.42,-2652.99,6.7881,-2645.29,1471.67,-270.736,-740.138,-1921.09,1122.3,517.952,7.91281,1900.0,100.0
2000000,93.9286,220.245,9494.42,-2653.02,6.05847,-2645.66,2202.53,-1136.97,-404.827,-463.386,1268.23,782.505,7.90834,2000.0,100.0
2100000,101.09,140.844,9494.42,-2652.76,6.52038,-2645.4,2601.25,-1045.69,-1133.03,211.833,423.522,635.662,7.91286,2100.0,100.0
2200000,105.192,28.5621,9494.42,-2653.07,6.78496,-2646.12,906.039,-665.976,-154.377,-912.812,1697.99,383.749,7.91009,2200.0,100.0
2300000,96.1138,93.2953,9494.42,-2653.28,6.19942,-2646.52,1189.77,-33.6451,-876.238,-1995.83,239.199,1325.24,7.9119,2300.0,100.0
2400000,103.028,-84.6633,9494.42,-2653.02,6.64541,-2646.88,564.658,-212.988,-605.659,-1132.78,1993.8,1169.97,7.916,2400.0,100.0
2500000,100.523,296.755,9494.42,-2652.92,6.4838,-2644.68,822.818,-1225.75,1293.2,-963.423,1889.05,520.22,7.91715,2500.0,100.0
2600000,100.518,337.469,9494.42,-2652.92,6.48347,-2644.44,969.228,-1010.53,1053.71,-1005.33,1624.32,1471.53,7.9189,2600.0,100.0
2700000,94.3795,-48.1938,9494.42,-2652.8,6.08755,-2647.0,2326.59,-1433.67,-1037.5,-1173.32,651.429,525.065,7.92127,2700.0,100.0
2800000,100.696,-5.50258,9494.42,-2652.89,6.49497,-2646.43,1631.84,-1217.6,-430.749,-1859.63,1713.92,381.477,7.92611,2800.0,100.0
2900000,98.3911,-72.033,9494.42,-2652.95,6.34631,-2647.03,644.778,-1551.83,690.956,-834.924,663.288,528.71,7.92503,2900.0,100.0
3000000,95.366,-39.3162,9494.42,-2652.81,6.15119,-2646.89,989.384,-1575.8,468.47,-436.638,1614.08,1059.97,7.92007,3000.0,100.0
3100000,102.863,272.963,9494.42,-2652.97,6.63476,-2644.72,2125.54,-1142.26,-164.387,-1209.01,841.013,922.476,7.919,3100.0,100.0
3200000,91.8093,-59.814,9494.42,-2652.89,5.92177,-2647.32,1136.69,-690.969,-625.163,-845.08,1749.58,24.2181,7.92011,3200.0,100.0
3300000,106.255,-81.4062,9494.42,-2652.44,6.85355,-2646.07,912.484,-2039.25,882.545,-1117.82,283.799,208.349,7.91827,3300.0,100.0
3400000,97.8545,318.732,9494.42,-2652.8,6.3117,-2644.6,2230.03,-1027.8,-246.033,-1384.89,1626.57,1278.03,7.9182,3400.0,100.0
3500000,104.629,419.718,9494.42,-2652.62,6.74867,-2643.38,1156.04,-357.189,460.302,-1136.01,1250.08,79.353,7.91602,3500.0,100.0
3600000,104.631,317.571,9494.42,-2652.9,6.74876,-2644.26,1554.85,-28.7265,-573.41,-1168.5,794.338,1335.6,7.91504,3600.0,100.0
3700000,99.3092,163.373,9494.42,-2652.87,6.40552,-2645.5,1346.29,-533.211,-322.962,-1331.92,1602.3,97.9612,7.9154,3700.0,100.0
3800000,104.196,274.485,9494.42,-2653.27,6.72073,-2644.93,1676.2,-1149.67,296.925,-1031.23,768.465,1532.58,7.91713,3800.0,100.0
3900000,103.163,186.924,9494.42,-2652.76,6.65411,-2645.0,1219.88,580.307,-1239.42,-823.225,1348.25,1326.8,7.89093,3900.0,100.0
4000000,94.7531,187.463,9494.42,-2653.2,6.11165,-2645.97,946.64,-559.197,174.947,-961.848,704.291,973.95,7.86169,4000.0,100.0
4100000,100.741,82.1268,9494.42,-2652.91,6.49789,-2645.93,327.118,671.128,-751.866,-1160.53,1206.03,808.235,7.83283,4100.0,100.0
4200000,100.748,-503.126,9494.42,-2652.7,6.49836,-2649.18,497.694,-968.179,-1038.89,-1715.56,285.962,970.004,7.80937,4200.0,100.0
4300000,101.653,441.792,9494.42,-2653.05,6.5567,-2643.88,1321.71,159.663,-155.999,-1038.6,1606.4,1127.98,7.80778,4300.0,100.0
4400000,96.1157,229.093,9494.42,-2652.54,6.19954,-2644.98,941.008,-59.3717,-194.356,-795.684,1230.51,1817.14,7.80991,4400.0,100.0
4500000,105.786,23.7869,9494.42,-2653.5,6.82326,-2646.54,1570.03,-643.04,-855.633,-1867.82,911.913,561.362,7.81477,4500.0,100.0
4600000,99.0927,398.674,9494.42,-2652.88,6.39156,-2644.12,1549.9,-326.56,-27.3171,-1694.4,903.736,1450.41,7.81975,4600.0,100.0
4700000,102.709,149.993,9494.42,-2652.87,6.62484,-2645.36,1930.2,-1414.7,-65.5204,-1870.09,1574.16,669.217,7.82221,4700.0,100.0
4800000,99.0902,244.342,9494.42,-2652.61,6.3914,-2644.77,1618.5,-453.62,-431.85,-1729.85,709.233,471.794,7.82402,4800.0,100.0
4900000,105.776,559.611,9494.42,-2652.85,6.82263,-2642.71,2230.43,-850.308,298.71,-1289.63,1115.42,659.785,7.82397,4900.0,100.0
5000000,91.6473,237.443,9494.42,-2652.3,5.91132,-2644.98,1209.87,-1262.14,764.596,-766.48,698.116,1974.01,7.82723,5000.0,100.0
5100000,99.4897,236.516,9494.42,-2652.73,6.41717,-2644.91,2019.89,-1260.52,-49.8214,-900.905,1971.95,402.83,7.83035,5100.0,100.0
5200000,88.4059,438.172,9494.42,-2652.42,5.70225,-2644.12,2635.89,-1228.91,-92.4625,-1131.8,915.69,786.816,7.83272,5200.0,100.0
5300000,95.2853,205.628,9494.42,-2652.5,6.14598,-2645.14,1416.82,-724.326,-75.608,-1563.13,1235.57,634.175,7.83464,5300.0,100.0
5400000,94.1553,256.18,9494.42,-2652.49,6.07309,-2644.9,3053.96,-2153.07,-132.36,-730.825,1578.64,1429.62,7.83404,5400.0,100.0
5500000,101.559,-293.986,9494.42,-2652.92,6.55064,-2648.11,362.153,-882.82,-361.29,-1046.33,617.076,1115.17,7.83623,5500.0,100.0
5600000,102.924,206.704,9494.42,-2653.12,6.63867,-2645.25,1862.88,-1733.95,491.183,-764.452,1424.04,1533.08,7.83705,5600.0,100.0
5700000,104.738,432.617,9494.42,-2652.8,6.75569,-2643.48,1444.51,-229.578,82.9208,-812.438,1634.98,196.589,7.83658,5700.0,100.0
5800000,101.504,83.979,9494.42,-2652.68,6.54706,-2645.63,2003.89,-1151.57,-600.382,-1092.84,1174.61,478.613,7.83508,5800.0,100.0
5900000,101.87,205.036,9494.42,-2652.88,6.57068,-2645.09,855.027,-4.79861,-235.121,-1012.27,140.562,520.018,7.83439,5900.0,100.0
6000000,102.225,-335.98,9494.42,-2652.65,6.59361,-2648.05,1021.55,-858.874,-1170.62,-980.518,1166.98,1101.82,7.82738,6000.0,100.0
6100000,101.163,282.486,9494.42,-2653.08,6.5251,-2644.88,856.708,-803.427,794.178,-1463.86,1406.37,1330.34,7.82411,6100.0,100.0
6200000,97.6903,-82.7021,9494.42,-2652.89,6.30111,-2647.08,1510.14,407.326,-2165.57,-1458.57,896.921,2025.68,7.82633,6200.0,100.0
6300000,104.103,345.697,9494.42,-2652.55,6.71474,-2643.79,983.62,-1276.96,1330.43,-181.931,1275.14,122.388,7.82765,6300.0,100.0
6400000,99.1883,302.752,9494.42,-2652.3,6.39773,-2644.11,740.054,-1366.95,1535.15,-2316.64,1432.52,460.187,7.83019,6400.0,100.0
6500000,102.078,-132.943,9494.42,-2653.09,6.58409,-2647.29,1373.53,-1173.34,-599.021,-1360.48,1006.9,611.807,7.83383,6500.0,100.0
6600000,103.524,144.899,9494.42,-2652.85,6.67741,-2645.31,1533.37,-903.998,-194.673,-829.38,422.51,1529.89,7.82922,6600.0,100.0
6700000,102.24,455.787,9494.42,-2653.02,6.59457,-2643.73,1178.28,313.867,-124.788,-1442.7,113.419,1753.15,7.81399,6700.0,100.0
6800000,98.3013,202.543,9494.42,-2652.72,6.34051,-2645.18,919.66,418.478,-730.509,-1008.99,742.37,1012.03,7.79703,6800.0,100.0
6900000,98.1324,234.274,9494.42,-2653.2,6.32962,-2645.48,1634.15,-618.296,-313.038,-1153.78,827.529,647.09,7.78041,6900.0,100.0
7000000,97.9439,407.715,9494.42,-2653.25,6.31746,-2644.52,1734.58,-122.389,-389.047,-935.685,1265.12,1324.52,7.76405,7000.0,100.0
7100000,100.827,452.697,9494.42,-2652.56,6.50344,-2643.37,1403.3,1065.43,-1110.64,-963.893,793.326,1255.08,7.74727,7100.0,100.0
7200000,99.5181,503.903,9494.42,-2652.67,6.419,-2643.27,351.878,545.866,613.964,-786.067,1274.23,1299.37,7.73222,7200.0,100.0
7300000,96.4526,-160.624,9494.42,-2653.07,6.22127,-2647.8,1184.28,303.958,-1970.11,-488.434,245.387,636.367,7.71691,7300.0,100.0
7400000,101.646,469.97,9494.42,-2652.63,6.55624,-2643.28,2387.82,-1005.78,27.8793,-1238.16,313.322,924.285,7.70654,7400.0,100.0
7500000,97.8972,293.022,9494.42,-2653.14,6.31445,-2645.09,680.099,-451.461,650.428,-730.193,1248.01,1253.2,7.70798,7500.0,100.0
7600000,96.7571,279.908,9494.42,-2652.88,6.24091,-2644.98,1793.7,-1107.05,153.075,-1129.97,1192.44,1272.88,7.71186,7600.0,100.0
7700000,105.686,-222.294,9494.42,-2652.87,6.81682,-2647.37,1374.25,-1414.46,-626.67,-1853.51,157.976,1170.6,7.71566,7700.0,100.0
7800000,104.505,341.769,9494.42,-2652.43,6.74068,-2643.67,623.525,147.132,254.65,-1500.07,504.228,765.267,7.7181,7800.0,100.0
7900000,100.052,43.3916,9494.42,-2653.27,6.45345,-2646.56,1823.91,-699.218,-994.516,-1534.24,851.79,528.65,7.72115,7900.0,100.0
8000000,97.6518,333.676,9494.42,-2653.2,6.29862,-2644.92,1800.65,-328.662,-470.959,-1349.3,1587.79,-63.8978,7.71136,8000.0,100.0
8100000,102.487,397.728,9494.42,-2652.58,6.61049,-2643.61,1884.76,-1277.87,586.297,-1190.02,1569.0,1009.88,7.70064,8100.0,100.0
8200000,104.582,629.351,9494.42,-2653.09,6.74559,-2642.62,2718.52,-1084.63,254.165,-1111.45,1197.46,564.869,7.70064,8200.0,100.0
8300000,96.7783,-56.7777,9494.42,-2652.93,6.24228,-2647.02,916.518,-952.078,-134.773,-528.64,2006.59,-208.854,7.70362,8300.0,100.0
8400000,98.0585,-250.734,9494.42,-2652.9,6.32485,-2648.06,1011.13,-2008.21,244.882,-1005.17,1367.51,55.3117,7.70601,8400.0,100.0
8500000,102.389,-74.5357,9494.42,-2652.73,6.60415,-2646.56,872.778,-2296.3,1199.91,-1219.28,1015.0,993.538,7.70907,8500.0,100.0
8600000,93.5701,337.999,9494.42,-2652.97,6.03535,-2644.93,2156.24,-1426.86,284.616,-1899.61,1393.9,784.073,7.71203,8600.0,100.0
8700000,103.106,1.16004,9494.42,-2652.47,6.65042,-2645.81,998.447,-1150.39,155.419,-777.754,497.447,1743.26,7.71548,8700.0,100.0
8800000,109.515,-107.607,9494.42,-2652.87,7.06378,-2646.44,953.517,-67.8522,-1208.49,-266.224,851.804,834.34,7.71906,8800.0,100.0
8900000,101.803,-135.401,9494.42,-2652.5,6.56636,-2646.74,425.015,-1324.99,493.767,-1645.58,1271.65,1008.73,7.72117,8900.0,100.0
9000000,102.621,-62.4589,9494.42,-2652.89,6.61913,-2646.64,637.363,-561.873,-262.867,-1407.71,471.457,1261.77,7.72129,9000.0,100.0
9100000,105.581,642.637,9494.42,-2652.6,6.81005,-2641.98,1338.99,1195.38,-606.454,-1056.6,1931.26,1317.63,7.72339,9100.0,100.0
9200000,96.456,111.355,9494.42,-2652.75,6.22149,-2645.87,1270.98,-1187.93,251.024,-1928.03,1751.72,969.291,7.72685,9200.0,100.0
9300000,96.6245,-31.7947,9494.42,-2652.9,6.23236,-2646.85,849.007,-313.53,-630.861,-1290.06,1050.31,1470.38,7.72965,9300.0,100.0
9400000,104.222,-143.858,9494.42,-2653.05,6.72242,-2647.18,1478.5,-1243.59,-666.475,-1843.64,607.692,766.982,7.73186,9400.0,100.0
9500000,103.745,58.3334,9494.42,-2652.94,6.69164,-2645.9,1585.94,262.187,-1673.13,-544.62,1028.83,1381.22,7.73149,9500.0,100.0
9600000,100.593,245.424,9494.42,-2652.85,6.4883,-2644.9,650.061,667.209,-580.997,-1108.96,45.1407,1378.69,7.72159,9600.0,100.0
9700000,100.848,72.5972,9494.42,-2653.0,6.50476,-2646.07,371.553,1126.43,-1280.19,-801.88,255.472,2089.73,7.71081,9700.0,100.0
9800000,105.734,-68.1289,9494.42,-2652.81,6.81991,-2646.4,1606.27,-1346.26,-464.392,-474.69,1199.98,331.059,7.70112,9800.0,100.0
9900000,98.2906,-305.29,9494.42,-2652.79,6.33983,-2648.26,397.352,-817.908,-495.315,-1173.86,650.988,1176.16,7.69102,9900.0,100.0
10000000,102.566,280.43,9494.42,-2652.6,6.61558,-2644.32,1672.16,-1854.89,1024.01,-1475.73,245.628,750.09,7.68946,10000.0,100.0
