TimeStep,temp,pressure,vol,pe,ke,enthalpy,pxx,pyy,pzz,pxy,pxz,pyz,visc,time,hold_temp
0,1928.34,6885.42,10287.9,-2456.47,124.38,-2287.88,8847.07,2182.0,9627.2,-3091.25,-2438.32,-2611.62,0.00142163,0.0,1950.0
100000,1724.9,7447.76,10287.9,-2457.18,111.257,-2298.09,9262.28,9342.99,3738.01,3185.34,141.026,-661.779,-0.00457771,100.0,1950.0
200000,1922.86,5566.23,10287.9,-2465.26,124.026,-2305.49,2945.97,6555.5,7197.24,3125.67,2395.47,-1573.71,0.000800559,200.0,1950.0
300000,1947.2,3033.83,10287.9,-2465.02,125.596,-2319.95,-201.55,3912.89,5390.14,-225.462,-2913.59,556.485,0.00118604,300.0,1950.0
400000,1966.27,6045.79,10287.9,-2463.96,126.826,-2298.31,7170.22,6222.87,4744.29,4288.4,3914.38,-2561.93,0.00135929,400.0,1950.0
500000,1897.82,7804.07,10287.9,-2458.49,122.411,-2285.96,4733.2,11809.6,6869.43,-5022.05,4381.19,2965.0,0.00173678,500.0,1950.0
600000,1885.28,4089.92,10287.9,-2459.85,121.602,-2311.98,5742.71,-60.1273,6587.18,22.6465,2350.38,3058.24,0.00131489,600.0,1950.0
700000,1917.38,4600.3,10287.9,-2462.42,123.673,-2309.21,4097.27,1022.56,8681.06,3040.93,-6579.69,1035.1,0.00124751,700.0,1950.0
800000,1915.89,7117.06,10287.9,-2461.26,123.577,-2291.99,6629.88,8224.48,6496.82,-3093.9,78.8581,-3039.94,0.0013014,800.0,1950.0
900000,1875.46,3121.8,10287.9,-2463.18,120.969,-2322.16,-1872.13,10901.6,335.935,-3057.59,-2005.42,2743.2,0.00140441,900.0,1950.0
1000000,1899.41,3625.0,10287.9,-2464.02,122.513,-2318.23,3236.77,-885.774,8524.0,2793.38,2155.21,1883.68,0.00170469,1000.0,1950.0
1100000,1958.53,2818.55,10287.9,-2470.3,126.327,-2325.87,2765.59,3523.96,2166.1,3095.51,1893.72,83.9598,0.00246553,1100.0,1950.0
1200000,1789.82,5454.95,10287.9,-2461.76,115.445,-2311.29,6160.46,3453.59,6750.8,-606.749,2616.02,3252.53,0.00240476,1200.0,1950.0
1300000,2027.34,4805.23,10287.9,-2470.51,130.765,-2308.89,1514.43,7332.74,5568.51,2503.41,-1062.92,-187.761,0.00236677,1300.0,1950.0
1400000,1981.2,2528.54,10287.9,-2470.39,127.789,-2326.37,-610.761,1879.32,6317.04,3090.58,2790.66,5471.37,0.00228454,1400.0,1950.0
1500000,1924.39,4295.47,10287.9,-2465.29,124.124,-2313.58,3401.06,2738.01,6747.36,-1816.21,-1829.53,-204.689,0.00234481,1500.0,1950.0
1600000,1903.08,2724.58,10287.9,-2461.77,122.75,-2321.52,4401.27,718.248,3054.24,-2761.62,1798.2,-6785.78,0.00262205,1600.0,1950.0
1700000,1992.84,2403.87,10287.9,-2461.55,128.54,-2317.58,5524.46,-1045.12,2732.27,4719.04,11.8653,-75.3987,0.00270448,1700.0,1950.0
1800000,1852.95,3177.56,10287.9,-2464.82,119.517,-2324.9,3539.46,4167.19,1826.03,3424.37,584.67,674.86,0.00241385,1800.0,1950.0
1900000,1920.07,5076.49,10287.9,-2466.16,123.846,-2309.71,4195.31,4414.68,6619.48,207.207,-5421.29,-3289.85,0.00224794,1900.0,1950.0
2000000,2005.54,6939.75,10287.9,-2453.32,129.359,-2279.4,2203.7,11787.2,6828.32,2545.18,-1477.49,-430.278,0.00226308,2000.0,1950.0
2100000,1970.9,6349.33,10287.9,-2458.09,127.125,-2290.19,6611.99,8158.11,4277.89,-4150.25,1406.48,918.313,0.00232925,2100.0,1950.0
2200000,1969.62,981.717,10287.9,-2469.69,127.042,-2336.35,3994.25,-1180.48,131.39,-572.381,1241.45,-1636.71,0.00237416,2200.0,1950.0
2300000,1799.43,4897.22,10287.9,-2462.97,116.065,-2315.46,6450.07,6585.09,1656.51,-1615.55,-358.718,457.289,0.00253156,2300.0,1950.0
2400000,2064.24,3808.96,10287.9,-2470.47,133.145,-2312.87,5446.04,1402.93,4577.9,-6124.58,-2696.69,2960.74,0.00251149,2400.0,1950.0
2500000,1863.29,833.711,10287.9,-2463.22,120.184,-2337.69,-1787.15,3968.61,319.681,1661.22,2307.29,3134.92,0.00250986,2500.0,1950.0
2600000,1960.08,5435.87,10287.9,-2459.86,126.427,-2298.53,10970.1,6081.24,-743.77,-1028.25,864.938,1769.63,0.00245912,2600.0,1950.0
2700000,1975.77,1860.18,10287.9,-2470.49,127.439,-2331.11,-2333.08,1529.53,6384.08,-1847.35,1516.4,-2876.92,0.00256676,2700.0,1950.0
2800000,2011.9,8452.56,10287.9,-2454.83,129.769,-2270.78,9428.42,11561.3,4367.97,-844.595,1660.27,146.852,0.00260703,2800.0,1950.0
2900000,1816.54,2973.06,10287.9,-2459.27,117.168,-2323.01,6256.14,-281.927,2944.96,-1752.78,-1180.2,5464.13,0.00253939,2900.0,1950.0
3000000,2068.66,2996.62,10287.9,-2468.19,133.43,-2315.52,66.8595,7236.04,1686.96,-5282.95,2785.62,552.434,0.00272606,3000.0,1950.0
3100000,2014.71,8907.63,10287.9,-2447.76,129.95,-2260.61,14007.5,14138.9,-1423.52,-2800.23,3344.03,-2738.03,0.00264847,3100.0,1950.0
3200000,1931.91,6238.27,10287.9,-2465.67,124.61,-2301.0,8572.25,4823.48,5319.09,-2354.03,-4305.9,5597.05,0.0025505,3200.0,1950.0
3300000,1990.65,3705.37,10287.9,-2467.69,128.399,-2315.5,223.479,2631.71,8260.91,-2445.56,1164.75,-4809.08,0.00251589,3300.0,1950.0
3400000,1937.83,-769.272,10287.9,-2470.72,124.992,-2350.67,-5481.03,1283.53,1889.69,617.051,-2246.51,-1714.56,0.00245177,3400.0,1950.0
3500000,1948.55,7153.04,10287.9,-2456.3,125.683,-2284.69,8851.23,3159.35,9448.53,-2189.08,-1190.67,2667.23,0.00241419,3500.0,1950.0
3600000,1936.73,3574.42,10287.9,-2467.96,124.92,-2320.08,5767.78,471.935,4483.55,383.303,3808.93,1689.32,0.00261617,3600.0,1950.0
3700000,1933.49,4289.01,10287.9,-2457.72,124.712,-2305.47,7846.8,8971.66,-3951.43,141.209,7551.12,5642.23,0.00265533,3700.0,1950.0
3800000,1952.02,3618.23,10287.9,-2468.0,125.907,-2318.86,4542.86,2617.49,3694.34,-2986.99,-1503.19,4302.41,0.00264487,3800.0,1950.0
3900000,2015.91,7099.51,10287.9,-2467.37,130.028,-2291.75,3147.78,7899.58,10251.2,-1384.83,-990.319,518.303,0.00263899,3900.0,1950.0
4000000,1865.01,9394.46,10287.9,-2454.3,120.295,-2273.68,10222.8,3142.28,14818.3,-2052.06,-1595.58,-3844.01,0.00263129,4000.0,1950.0
4100000,1996.52,4811.86,10287.9,-2462.76,128.777,-2303.09,4484.55,2172.0,7779.02,-615.742,2363.49,-2188.66,0.00256027,4100.0,1950.0
4200000,2032.91,7914.21,10287.9,-2459.24,131.124,-2277.29,7798.78,11576.9,4366.94,-776.584,-3172.95,-2889.57,0.0025512,4200.0,1950.0
4300000,1972.95,7384.62,10287.9,-2462.94,127.257,-2288.26,8091.43,8837.55,5224.9,-636.447,5088.48,1158.99,0.00259869,4300.0,1950.0
4400000,1961.14,6000.85,10287.9,-2463.01,126.495,-2297.98,7255.87,8844.43,1902.26,3162.46,-1513.3,-150.355,0.00264212,4400.0,1950.0
4500000,1978.25,5536.85,10287.9,-2461.81,127.599,-2298.66,2464.29,5929.66,8216.62,601.342,-3437.82,-1664.65,0.00264477,4500.0,1950.0
4600000,2018.61,6738.28,10287.9,-2465.19,130.202,-2291.72,5342.21,8028.36,6844.27,5084.21,1470.54,-267.133,0.00273926,4600.0,1950.0
4700000,2005.47,5877.23,10287.9,-2456.73,129.354,-2289.64,6266.87,6295.46,5069.35,-3027.67,2863.57,6968.09,0.00267304,4700.0,1950.0
4800000,1951.28,5968.72,10287.9,-2459.92,125.859,-2295.74,8107.63,1709.67,8088.87,-86.6525,-799.433,3238.13,0.00269074,4800.0,1950.0
4900000,1987.8,6089.52,10287.9,-2458.64,128.215,-2291.33,6943.29,3931.93,7393.33,471.228,-3275.44,-2474.78,0.00275779,4900.0,1950.0
5000000,1933.77,10209.2,10287.9,-2454.46,124.73,-2264.17,15196.1,5616.7,9814.84,-1766.05,-4532.58,3899.7,0.00272275,5000.0,1950.0
5100000,1960.54,5684.75,10287.9,-2464.96,126.457,-2302.0,3926.89,8372.14,4755.22,-2059.36,1624.3,2114.25,0.00263094,5100.0,1950.0
5200000,1896.46,5731.05,10287.9,-2457.56,122.323,-2298.44,10042.1,5921.93,1229.13,2967.23,2971.71,-794.973,0.00264691,5200.0,1950.0
5300000,1925.79,251.203,10287.9,-2463.22,124.215,-2337.39,-8223.91,7100.42,1877.1,1993.52,-5061.39,-617.725,0.00269278,5300.0,1950.0
5400000,1902.88,2951.32,10287.9,-2470.76,122.737,-2329.08,7617.24,4832.14,-3595.44,1651.25,-1446.0,-281.487,0.00263398,5400.0,1950.0
5500000,1948.53,691.917,10287.9,-2471.92,125.682,-2341.8,-379.487,-825.273,3280.51,-238.378,1205.93,-4357.65,0.00263605,5500.0,1950.0
5600000,2143.84,4930.9,10287.9,-2462.29,138.28,-2292.35,3498.02,459.212,10835.5,2299.46,2265.81,-2963.78,0.00257629,5600.0,1950.0
5700000,1974.99,4669.02,10287.9,-2468.38,127.388,-2311.01,4551.38,7162.58,2293.09,-3717.35,-5315.34,1342.1,0.0025574,5700.0,1950.0
5800000,1943.54,1342.47,10287.9,-2469.73,125.36,-2335.75,3763.7,18.1859,245.542,3157.5,-371.139,-1979.07,0.00250855,5800.0,1950.0
5900000,1885.56,3816.75,10287.9,-2464.79,121.62,-2318.66,2744.83,4329.19,4376.23,976.62,-62.9836,635.853,0.00244601,5900.0,1950.0
6000000,1999.72,3929.82,10287.9,-2457.97,128.984,-2303.76,1979.97,5580.46,4229.03,2395.92,-773.984,-1788.8,0.00251127,6000.0,1950.0
6100000,2004.57,1496.71,10287.9,-2466.02,129.296,-2327.12,1065.4,1575.33,1849.39,2019.75,-754.04,-2198.4,0.00257835,6100.0,1950.0
6200000,2024.47,5273.16,10287.9,-2461.32,130.58,-2296.88,6922.62,5321.17,3575.7,-2124.32,2366.07,75.6645,0.00256033,6200.0,1950.0
6300000,2007.02,2290.35,10287.9,-2469.58,129.454,-2325.42,2603.92,2977.58,1289.56,819.669,-2621.51,3117.86,0.00252343,6300.0,1950.0
6400000,1981.49,8400.09,10287.9,-2452.51,127.808,-2270.76,7153.14,8263.6,9783.52,-819.811,-3489.61,1609.79,0.00249918,6400.0,1950.0
6500000,1968.98,5164.67,10287.9,-2454.58,127.001,-2294.41,10175.6,-3602.55,8920.99,1590.37,-3291.3,3088.96,0.00250828,6500.0,1950.0
6600000,1965.35,3390.72,10287.9,-2467.0,126.766,-2318.46,-2093.56,7469.78,4795.94,1766.93,1028.68,-978.0,0.00249203,6600.0,1950.0
6700000,2051.17,3615.11,10287.9,-2463.72,132.302,-2308.21,4939.16,525.333,5380.84,-2514.65,1372.08,-1274.03,0.00254585,6700.0,1950.0
6800000,1902.94,-251.464,10287.9,-2461.11,122.741,-2339.98,-2471.19,5984.18,-4267.38,4322.13,-130.206,1154.5,0.0025729,6800.0,1950.0
6900000,1918.63,5770.74,10287.9,-2461.06,123.753,-2300.25,9032.27,4300.9,3979.04,-2391.66,-511.223,-1167.74,0.00259864,6900.0,1950.0
7000000,1953.77,3161.5,10287.9,-2464.63,126.02,-2318.31,2307.5,8991.62,-1814.63,1589.93,2778.69,-88.9826,0.00265317,7000.0,1950.0
7100000,1915.83,4142.25,10287.9,-2468.17,123.573,-2318.0,5368.99,167.003,6890.77,2172.93,-689.633,-5376.74,0.00268902,7100.0,1950.0
7200000,1967.28,737.849,10287.9,-2473.94,126.891,-2342.32,-3472.59,-388.975,6075.11,5164.23,1632.55,5706.09,0.00265218,7200.0,1950.0
7300000,2011.01,3347.21,10287.9,-2465.96,129.712,-2314.76,3073.79,11217.2,-4249.39,3836.43,243.167,-2436.1,0.00269048,7300.0,1950.0
7400000,1917.43,3272.43,10287.9,-2465.39,123.676,-2320.7,8662.64,2371.03,-1216.37,-89.0564,-230.025,3151.99,0.00266767,7400.0,1950.0
7500000,1984.69,-263.815,10287.9,-2471.6,128.014,-2345.28,-306.552,3000.84,-3485.73,5829.27,3212.04,1992.25,0.00265681,7500.0,1950.0
7600000,1924.17,4701.23,10287.9,-2462.58,124.111,-2308.29,5463.9,1320.45,7319.32,-2373.51,3140.61,-2224.6,0.00266388,7600.0,1950.0
7700000,1788.42,1034.88,10287.9,-2466.44,115.354,-2344.44,1638.44,211.513,1254.69,-1430.95,-2943.81,-571.689,0.00271883,7700.0,1950.0
7800000,1951.26,2240.52,10287.9,-2466.4,125.858,-2326.15,5789.56,1464.38,-532.378,-2287.14,1558.24,-2616.67,0.00270949,7800.0,1950.0
7900000,2054.67,5087.43,10287.9,-2464.98,132.528,-2299.78,7182.42,3627.03,4452.83,-2036.59,-2119.43,-590.358,0.00268585,7900.0,1950.0
8000000,1855.48,5287.54,10287.9,-2462.28,119.68,-2308.64,3382.43,1363.4,11116.8,2951.15,2927.55,1148.53,0.00269537,8000.0,1950.0
8100000,1836.78,3678.83,10287.9,-2457.49,118.474,-2315.39,662.425,7418.05,2956.01,21.33,1558.21,2512.24,0.00268229,8100.0,1950.0
8200000,1943.12,4488.5,10287.9,-2459.96,125.333,-2305.81,5247.75,3995.23,4222.53,-2851.33,-657.264,141.954,0.00280249,8200.0,1950.0
8300000,1986.31,5774.27,10287.9,-2465.96,128.119,-2300.76,5449.5,835.365,11038.0,157.454,1495.47,1946.74,0.00276834,8300.0,1950.0
8400000,2015.22,4840.65,10287.9,-2455.09,129.983,-2294.03,6725.09,7643.16,153.699,560.587,-929.876,-436.916,0.00275093,8400.0,1950.0
8500000,1942.19,7244.14,10287.9,-2450.19,125.273,-2278.4,5981.86,9007.68,6742.88,594.761,1568.4,-2813.63,0.00272941,8500.0,1950.0
8600000,1910.62,4052.74,10287.9,-2459.38,123.236,-2310.12,5361.31,1704.41,5092.5,-830.294,-2193.88,2944.18,0.0027454,8600.0,1950.0
8700000,1862.22,3451.94,10287.9,-2465.89,120.115,-2323.61,2333.91,2629.67,5392.23,-2176.65,-4921.61,1885.89,0.00274222,8700.0,1950.0
8800000,1956.68,4462.99,10287.9,-2464.42,126.208,-2309.55,8945.7,2017.71,2425.57,1058.28,345.069,-176.614,0.00275728,8800.0,1950.0
8900000,1981.88,6838.65,10287.9,-2461.19,127.833,-2289.44,6649.93,8574.29,5291.73,4967.68,1284.54,-2993.76,0.00274594,8900.0,1950.0
9000000,1862.32,4387.25,10287.9,-2462.0,120.121,-2313.71,7434.07,3989.85,1737.82,-548.169,6087.15,-43.6663,0.00272455,9000.0,1950.0
9100000,2033.62,3738.33,10287.9,-2464.1,131.17,-2308.93,-1864.04,9613.23,3465.8,-2867.42,5176.12,-566.274,0.00273431,9100.0,1950.0
9200000,1957.45,6932.78,10287.9,-2462.24,126.257,-2291.47,5862.38,8000.57,6935.39,4208.19,1834.78,-66.8263,0.0027394,9200.0,1950.0
9300000,1915.51,3865.27,10287.9,-2466.22,123.552,-2317.85,2189.24,6337.86,3068.71,3505.42,-1405.29,-803.136,0.0027264,9300.0,1950.0
9400000,1947.4,4705.21,10287.9,-2454.69,125.609,-2298.87,7772.99,2910.23,3432.42,-1475.37,255.66,2993.24,0.0026876,9400.0,1950.0
9500000,1837.66,3912.18,10287.9,-2469.03,118.53,-2325.38,5218.33,107.207,6411.01,-838.008,809.925,-3424.41,0.00266015,9500.0,1950.0
9600000,2135.31,6013.02,10287.9,-2465.51,137.729,-2289.17,5661.49,8088.42,4289.16,745.111,-2573.57,-4212.95,0.00264079,9600.0,1950.0
9700000,1938.45,7755.12,10287.9,-2459.96,125.032,-2285.13,3786.89,8723.29,10755.2,1569.13,-3231.22,-1696.52,0.00266944,9700.0,1950.0
9800000,1731.2,3420.04,10287.9,-2465.81,111.664,-2332.19,5701.38,5619.25,-1060.5,992.396,3927.97,3058.9,0.00264016,9800.0,1950.0
9900000,1955.41,3873.48,10287.9,-2470.56,126.126,-2319.57,10509.1,3878.29,-2766.9,2544.0,3201.21,-576.927,0.00262533,9900.0,1950.0
10000000,1946.91,3852.99,10287.9,-2469.8,125.577,-2319.48,2320.68,1457.1,7781.18,-175.446,2319.24,4002.96,0.00259528,10000.0,1950.0
