TimeStep,temp,pressure,vol,pe,ke,enthalpy,pxx,pyy,pzz,pxy,pxz,pyz,visc,time,hold_temp
0,1999.75,1654.0,7557.47,-2669.52,128.985,-2532.73,-2036.22,1453.98,5544.25,-1524.56,-4759.07,10438.0,0.00610903,0.0,2000.0
100000,2066.57,1757.78,7557.47,-2665.41,133.296,-2523.83,1841.85,-437.079,3868.55,4224.69,-133.328,3357.99,-0.00751557,100.0,2000.0
200000,1965.89,3095.73,7557.47,-2664.54,126.802,-2523.13,-3445.82,1701.31,11031.7,2412.89,-3891.85,-6474.2,0.00290303,200.0,2000.0
300000,2023.01,5990.57,7557.47,-2661.19,130.486,-2502.45,-1932.2,17465.3,2438.66,966.167,3020.95,2926.16,0.00408308,300.0,2000.0
400000,1945.75,-1338.93,7557.47,-2669.9,125.503,-2550.71,-2547.75,525.507,-1994.55,-1852.88,-2660.76,-7371.86,0.00342924,400.0,2000.0
500000,2011.35,-6915.27,7557.47,-2678.04,129.734,-2580.93,-4520.68,-5729.15,-10496.0,-1661.34,-2134.97,-56.2114,0.00481586,500.0,2000.0
600000,2030.7,-1.88069,7557.47,-2667.62,130.982,-2536.65,-2372.38,2843.29,-476.557,-2529.15,-2617.25,-11160.9,0.00416786,600.0,2000.0
700000,2051.59,3557.37,7557.47,-2666.82,132.329,-2517.71,1241.37,11026.5,-1595.78,6058.54,2093.47,4242.79,0.00309529,700.0,2000.0
800000,2029.16,335.82,7557.47,-2671.86,130.882,-2539.39,-3187.06,-4970.11,9164.63,-1943.58,-2587.25,-905.178,0.00347658,800.0,2000.0
900000,2038.44,2057.87,7557.47,-2665.06,131.481,-2523.88,9079.08,2749.56,-5655.03,1052.93,-4665.32,4362.86,0.00327531,900.0,2000.0
1000000,2000.45,-1471.31,7557.47,-2673.35,129.031,-2551.26,8789.03,-10930.2,-2272.72,4044.46,-2775.93,-1778.65,0.00315191,1000.0,2000.0
1100000,2071.57,863.738,7557.47,-2677.21,133.618,-2539.52,1476.92,3968.82,-2854.53,7276.82,-2370.02,4327.35,0.00363647,1100.0,2000.0
1200000,1957.24,-1535.8,7557.47,-2671.03,126.243,-2552.03,-1134.1,-737.775,-2735.54,3001.15,372.817,-5920.8,0.00445631,1200.0,2000.0
1300000,2032.99,-4505.4,7557.47,-2677.98,131.129,-2568.1,6180.31,-13089.6,-6606.94,5658.73,7249.14,-743.015,0.00370904,1300.0,2000.0
1400000,1892.82,-561.176,7557.47,-2672.94,122.088,-2553.5,-1495.5,-5929.86,5741.83,2662.33,5213.12,-386.417,0.00352909,1400.0,2000.0
1500000,2052.83,2136.79,7557.47,-2667.69,132.409,-2525.2,94.3668,1717.02,4598.97,-1183.6,-409.94,-1290.09,0.00380558,1500.0,2000.0
1600000,2080.83,2728.49,7557.47,-2665.58,134.215,-2518.5,-1735.11,7688.76,2231.82,-1479.46,-424.348,-1474.1,0.00406155,1600.0,2000.0
1700000,2095.03,-3516.05,7557.47,-2676.37,135.131,-2557.83,-251.847,-6248.24,-4048.08,5051.99,-3433.92,-7670.19,0.00412306,1700.0,2000.0
1800000,2111.41,-1454.51,7557.47,-2678.38,136.187,-2549.05,-18.3514,-293.279,-4051.89,1603.27,-3994.85,438.029,0.00393913,1800.0,2000.0
1900000,1920.39,2150.21,7557.47,-2661.1,123.867,-2527.1,-6740.43,7189.29,6001.78,4698.14,-642.179,-2155.45,0.00396694,1900.0,2000.0
2000000,2054.73,-2479.18,7557.47,-2679.58,132.531,-2558.75,-2055.08,-21.7517,-5360.7,1120.87,904.718,-1375.29,0.00410419,2000.0,2000.0
2100000,1958.4,1931.36,7557.47,-2664.17,126.319,-2528.74,-1552.63,9274.84,-1928.12,-545.604,211.544,-1533.82,0.00392087,2100.0,2000.0
2200000,2003.27,-2813.79,7557.47,-2676.64,129.213,-2560.7,-6445.11,-10409.8,8413.58,-75.3651,-2308.11,-5566.48,0.00385957,2200.0,2000.0
2300000,2112.35,-2263.22,7557.47,-2679.63,136.248,-2554.06,-620.219,-2242.28,-3927.15,-940.425,123.373,5486.78,0.00347631,2300.0,2000.0
2400000,1954.3,-3719.66,7557.47,-2675.08,126.054,-2566.58,-15894.5,2115.41,2620.06,2065.84,883.596,2127.03,0.00327423,2400.0,2000.0
2500000,1937.09,-1795.27,7557.47,-2672.71,124.944,-2556.24,-3832.37,-910.273,-643.156,51.5007,-2930.84,-5223.48,0.00361064,2500.0,2000.0
2600000,1870.23,2856.87,7557.47,-2665.23,120.632,-2531.13,1030.94,13232.0,-5692.35,-4019.44,5786.7,-402.369,0.00395046,2600.0,2000.0
2700000,1893.72,-4929.75,7557.47,-2678.0,122.146,-2579.11,-4763.55,-13916.6,3890.88,4632.96,2046.98,-7435.05,0.00362614,2700.0,2000.0
2800000,2014.77,-3262.33,7557.47,-2677.65,129.955,-2563.09,4032.16,-8259.87,-5559.29,876.136,-3064.19,1251.66,0.00373213,2800.0,2000.0
2900000,2184.83,1554.38,7557.47,-2669.71,140.923,-2521.46,256.448,5820.79,-1414.09,-28.5904,-705.401,7321.11,0.00383891,2900.0,2000.0
3000000,1967.57,3194.25,7557.47,-2660.95,126.91,-2518.97,4830.67,2456.23,2295.85,-4199.74,-944.414,3252.51,0.00457196,3000.0,2000.0
3100000,2083.58,-2160.55,7557.47,-2668.02,134.393,-2543.81,-5913.69,-1803.61,1235.64,4015.91,4339.59,-7515.26,0.00458339,3100.0,2000.0
3200000,1890.18,-3570.05,7557.47,-2676.58,121.918,-2571.5,-7362.88,-69.497,-3277.78,-4819.75,-1502.5,-747.871,0.0044735,3200.0,2000.0
3300000,1938.89,-1706.33,7557.47,-2669.88,125.06,-2552.87,-3694.71,4077.15,-5501.44,1121.66,-7030.76,-2155.49,0.00438094,3300.0,2000.0
3400000,1988.1,1873.27,7557.47,-2667.69,128.234,-2530.62,6403.43,378.605,-1162.21,2200.84,779.801,-1523.77,0.00457073,3400.0,2000.0
3500000,1955.53,-746.865,7557.47,-2669.03,126.133,-2546.42,-2356.14,5627.82,-5512.28,2995.76,5938.1,-1086.63,0.0053559,3500.0,2000.0
3600000,1996.48,2197.51,7557.47,-2666.91,128.774,-2527.77,4888.91,-4097.93,5801.57,1078.66,8431.17,-2234.73,0.00563848,3600.0,2000.0
3700000,1963.01,-2664.37,7557.47,-2676.29,126.616,-2562.25,-2879.48,-4006.18,-1107.46,2558.12,1389.01,3403.73,0.005839,3700.0,2000.0
3800000,2049.0,-897.01,7557.47,-2671.68,132.162,-2543.75,10750.6,-12334.9,-1106.75,-1832.94,1815.7,-3632.22,0.00584045,3800.0,2000.0
3900000,1949.72,-2146.45,7557.47,-2673.76,125.758,-2558.13,-5447.05,1898.26,-2890.55,-3850.99,6036.44,-6801.83,0.0059521,3900.0,2000.0
4000000,2019.59,-125.193,7557.47,-2676.86,130.265,-2547.18,-3692.28,6082.54,-2765.84,-1013.98,-931.187,5324.6,0.00584277,4000.0,2000.0
4100000,2039.91,-2871.28,7557.47,-2677.66,131.576,-2559.62,-2603.31,1875.6,-7886.13,2380.32,3183.52,1693.84,0.00579698,4100.0,2000.0
4200000,2042.27,-504.966,7557.47,-2673.05,131.728,-2543.71,4942.52,-5207.99,-1249.43,-1047.12,1029.85,2727.63,0.00596791,4200.0,2000.0
4300000,1980.68,-2363.74,7557.47,-2675.88,127.756,-2559.27,-2631.25,3290.6,-7750.55,7576.94,-6962.12,-2448.4,0.0059442,4300.0,2000.0
4400000,2051.37,-1069.39,7557.47,-2673.86,132.315,-2546.59,1703.61,653.844,-5565.62,-2164.22,-1906.31,-5139.11,0.00583104,4400.0,2000.0
4500000,1965.8,-2145.63,7557.47,-2671.65,126.796,-2554.98,386.631,-2163.4,-4660.12,-2543.29,-1662.23,3357.32,0.00564579,4500.0,2000.0
4600000,2091.14,-2112.28,7557.47,-2673.65,134.88,-2548.73,-9030.21,-1066.33,3759.71,2646.32,-4454.56,-1846.12,0.00558861,4600.0,2000.0
4700000,1994.3,2802.02,7557.47,-2667.72,128.634,-2525.87,-2853.94,10064.1,1195.89,40.0967,-2940.77,-3372.41,0.00551,4700.0,2000.0
4800000,1939.67,706.846,7557.47,-2669.55,125.111,-2541.1,1196.8,-2963.61,3887.35,-6781.73,-2153.36,-1749.26,0.00581238,4800.0,2000.0
4900000,2025.34,322.622,7557.47,-2672.63,130.636,-2540.47,1458.67,222.305,-713.105,-4288.77,2154.53,6135.17,0.00607789,4900.0,2000.0
5000000,1885.92,2114.82,7557.47,-2663.32,121.644,-2531.7,-410.468,846.602,5908.34,-5549.82,5399.97,4392.32,0.00653745,5000.0,2000.0
5100000,1970.55,-1788.04,7557.47,-2670.84,127.102,-2552.17,2899.25,13.3064,-8276.66,-3628.03,-6840.18,81.3766,0.00636457,5100.0,2000.0
5200000,1951.87,1048.31,7557.47,-2667.66,125.897,-2536.81,7444.09,-305.992,-3993.17,-3641.34,6284.7,-5563.79,0.00627665,5200.0,2000.0
5300000,1949.81,-2980.8,7557.47,-2674.59,125.764,-2562.88,-5006.32,-7013.26,3077.17,5728.97,1841.97,5590.75,0.00635326,5300.0,2000.0
5400000,1925.44,-2535.66,7557.47,-2669.61,124.193,-2557.38,1415.82,-1464.18,-7558.62,-5468.44,4899.49,755.413,0.0062755,5400.0,2000.0
5500000,1980.84,-3307.16,7557.47,-2676.01,127.766,-2563.84,-10301.2,-4191.32,4571.05,-3721.56,-3161.89,-4538.48,0.00621971,5500.0,2000.0
5600000,1946.37,-4119.44,7557.47,-2673.51,125.543,-2567.4,-520.595,-10884.3,-953.424,-6492.46,2157.34,-71.5207,0.00650078,5600.0,2000.0
5700000,1948.71,-478.133,7557.47,-2671.19,125.693,-2547.75,-1883.53,-3018.51,3467.65,-8334.25,-333.699,4713.21,0.00637727,5700.0,2000.0
5800000,1974.08,2075.73,7557.47,-2667.95,127.329,-2530.83,2386.28,3987.51,-146.607,-3166.14,-2199.53,-2306.07,0.00662571,5800.0,2000.0
5900000,1949.37,-921.166,7557.47,-2673.55,125.736,-2552.16,-1587.25,-9615.96,8439.71,346.201,-6166.17,1306.6,0.00645512,5900.0,2000.0
6000000,1822.75,-5261.37,7557.47,-2676.38,117.569,-2583.63,-9828.73,-4206.13,-1749.25,-182.195,403.491,-2157.92,0.0063433,6000.0,2000.0
6100000,1900.82,2607.57,7557.47,-2665.04,122.604,-2530.13,-3284.52,5556.02,5551.21,1877.58,1319.55,-6454.4,0.00624962,6100.0,2000.0
6200000,2022.88,2252.49,7557.47,-2668.2,130.478,-2527.1,8561.45,2415.55,-4219.53,-4803.6,-2167.49,-306.648,0.00619641,6200.0,2000.0
6300000,1975.54,-9954.61,7557.47,-2683.89,127.424,-2603.42,-14354.9,-8933.58,-6575.35,1316.15,8190.75,-1364.7,0.00607215,6300.0,2000.0
6400000,1973.76,62.1263,7557.47,-2668.98,127.309,-2541.38,2037.23,-3487.2,1636.34,-1953.57,-628.589,-7802.37,0.00601971,6400.0,2000.0
6500000,1996.29,3856.9,7557.47,-2670.28,128.762,-2523.32,818.213,4940.82,5811.68,4907.24,-1512.4,2827.89,0.00594161,6500.0,2000.0
6600000,1883.81,-2702.07,7557.47,-2669.52,121.507,-2560.76,-9689.35,-1759.42,3342.55,979.588,-5737.65,583.108,0.00592695,6600.0,2000.0
6700000,1934.64,3841.85,7557.47,-2666.13,124.786,-2523.22,6839.01,2029.17,2657.37,-7506.53,-4531.88,944.681,0.00590983,6700.0,2000.0
6800000,2067.28,-1286.57,7557.47,-2672.38,133.341,-2545.11,-3185.25,483.165,-1157.63,400.082,206.753,-1029.81,0.00595109,6800.0,2000.0
6900000,1934.72,122.839,7557.47,-2663.47,124.791,-2538.1,-1786.85,476.732,1678.63,3676.51,1660.02,913.818,0.00591979,6900.0,2000.0
7000000,1902.36,-511.135,7557.47,-2665.69,122.704,-2545.4,-4911.95,9024.09,-5645.54,6706.54,2800.92,-200.768,0.00586057,7000.0,2000.0
7100000,1966.24,-160.384,7557.47,-2671.84,126.824,-2545.77,-983.441,889.54,-387.251,-4351.15,652.302,-4758.33,0.0058383,7100.0,2000.0
7200000,1974.37,892.958,7557.47,-2673.44,127.348,-2541.88,-2465.28,5373.52,-229.371,4837.67,-419.478,-863.57,0.00601828,7200.0,2000.0
7300000,1917.92,4155.48,7557.47,-2663.12,123.708,-2519.81,3565.75,4074.65,4826.03,9664.42,5120.84,-4249.66,0.00586722,7300.0,2000.0
7400000,2068.19,5105.14,7557.47,-2665.66,133.4,-2508.18,4207.22,10320.4,787.832,781.256,-2438.85,-199.895,0.00586671,7400.0,2000.0
7500000,2120.01,1266.02,7557.47,-2672.17,136.743,-2529.45,-4204.67,8891.54,-888.802,4934.44,-2169.46,5222.58,0.00578171,7500.0,2000.0
7600000,1936.52,-3154.44,7557.47,-2674.52,124.907,-2564.49,5361.63,-7384.69,-7440.26,715.332,5579.18,6826.03,0.00565527,7600.0,2000.0
7700000,2031.49,-1306.11,7557.47,-2669.95,131.033,-2545.07,-3751.82,6998.2,-7164.71,-3763.08,-4376.16,2474.14,0.00569389,7700.0,2000.0
7800000,1966.61,963.743,7557.47,-2670.32,126.848,-2538.93,-719.612,-1905.54,5516.38,-7632.72,-787.148,8289.81,0.00568339,7800.0,2000.0
7900000,2254.36,650.033,7557.47,-2669.55,145.408,-2521.08,-3943.74,11362.7,-5468.84,3560.8,1752.9,6275.84,0.00575249,7900.0,2000.0
8000000,1948.42,651.862,7557.47,-2673.55,125.674,-2544.8,345.97,4934.13,-3324.51,1311.24,780.68,2466.9,0.00572774,8000.0,2000.0
8100000,2022.84,-1522.42,7557.47,-2674.73,130.475,-2551.43,228.119,-258.372,-4537.01,-3116.87,8136.92,4600.64,0.00563821,8100.0,2000.0
8200000,2034.71,3804.29,7557.47,-2663.51,131.24,-2514.33,2511.27,559.88,8341.73,8351.73,-1670.61,5770.54,0.00558054,8200.0,2000.0
8300000,2055.22,-316.507,7557.47,-2670.2,132.563,-2539.13,-6695.95,-2001.7,7748.13,1678.45,5153.92,362.119,0.00555029,8300.0,2000.0
8400000,2084.59,-1872.41,7557.47,-2671.57,134.458,-2545.94,-1548.97,-542.261,-3526.0,4839.0,5231.46,1597.68,0.00558724,8400.0,2000.0
8500000,2092.2,-4309.38,7557.47,-2678.37,134.949,-2563.75,-604.713,-8725.65,-3597.77,6931.24,-7260.22,-5884.89,0.00550483,8500.0,2000.0
8600000,2007.92,-2106.35,7557.47,-2673.83,129.512,-2554.25,2016.81,2671.5,-11007.4,1779.33,-586.61,4645.0,0.00542064,8600.0,2000.0
8700000,2129.02,141.255,7557.47,-2670.18,137.324,-2532.19,8267.31,-4762.26,-3081.28,4871.5,1568.71,-3876.58,0.00544898,8700.0,2000.0
8800000,2011.04,2611.92,7557.47,-2671.56,129.714,-2529.52,2046.85,5716.84,72.0805,1914.98,-3077.61,-1901.06,0.00550464,8800.0,2000.0
8900000,2013.21,-2868.99,7557.47,-2674.95,129.854,-2558.63,-3895.36,-2173.48,-2538.14,5390.57,-1096.02,-9687.39,0.00560768,8900.0,2000.0
9000000,1949.73,-2382.62,7557.47,-2670.87,125.759,-2556.35,-498.43,-2821.58,-3827.85,-1580.02,-2047.96,97.1375,0.0056063,9000.0,2000.0
9100000,2020.88,368.087,7557.47,-2668.87,130.348,-2536.79,3802.54,-10703.7,8005.41,-3023.27,-1356.91,-4902.71,0.00555041,9100.0,2000.0
9200000,1961.68,3520.1,7557.47,-2663.63,126.53,-2520.5,6725.43,12221.0,-8386.09,6477.03,1484.78,2527.83,0.00549777,9200.0,2000.0
9300000,2092.46,-1042.34,7557.47,-2672.81,134.965,-2542.76,9746.45,-4590.69,-8282.77,7987.74,-4116.64,4651.23,0.0053917,9300.0,2000.0
9400000,2010.69,464.863,7557.47,-2672.15,129.691,-2540.27,-1929.75,5419.32,-2094.97,-2941.59,54.9412,2180.32,0.00539725,9400.0,2000.0
9500000,1951.69,-5372.93,7557.47,-2676.14,125.886,-2575.6,4275.73,-17812.4,-2582.14,-4045.85,-2632.88,-26.8528,0.00541813,9500.0,2000.0
9600000,2083.97,1067.98,7557.47,-2665.0,134.418,-2525.54,3992.14,1993.35,-2781.55,-889.075,4392.16,8692.31,0.00541448,9600.0,2000.0
9700000,1956.31,-2369.78,7557.47,-2681.82,126.183,-2566.81,-10550.0,782.191,2658.48,362.106,11093.4,-4850.27,0.00544034,9700.0,2000.0
9800000,1979.71,-4031.59,7557.47,-2675.68,127.693,-2567.0,65.7357,-9048.51,-3111.99,7814.24,3768.44,2477.33,0.00548191,9800.0,2000.0
9900000,1974.58,2011.09,7557.47,-2669.62,127.362,-2532.78,-2231.29,2027.4,6237.16,-6212.9,-796.641,3203.42,0.00550783,9900.0,2000.0
10000000,1993.64,-2590.42,7557.47,-2670.96,128.591,-2554.59,-5998.54,-2117.55,344.826,4370.75,6004.65,6124.73,0.005401,10000.0,2000.0
