TimeStep,temp,pressure,vol,pe,ke,enthalpy,pxx,pyy,pzz,pxy,pxz,pyz,visc,time,hold_temp
0,1074.88,2819.6,9053.35,-2403.22,69.3304,-2317.95,-1796.28,5030.27,5224.81,-2175.88,-1229.31,1106.1,0.000777418,0.0,1050.0
100000,1032.26,4521.81,9053.35,-2395.74,66.5814,-2303.61,2824.63,6305.85,4434.94,-2070.95,2047.25,-2609.78,0.0435947,100.0,1050.0
200000,1049.26,3839.2,9053.35,-2400.86,67.6779,-2311.49,-2772.26,5646.74,8643.11,-3513.13,1113.32,1002.83,0.0230583,200.0,1050.0
300000,1028.04,4642.25,9053.35,-2405.53,66.3096,-2312.99,8344.35,1800.02,3782.39,-770.288,838.957,210.428,0.0350956,300.0,1050.0
400000,1077.3,5175.15,9053.35,-2398.33,69.4866,-2299.6,-269.046,6217.65,9576.84,-1650.33,-2504.93,-653.716,0.033744,400.0,1050.0
500000,1021.82,3891.11,9053.35,-2406.11,65.9084,-2318.21,7258.96,5659.97,-1245.6,3428.43,3848.29,-2836.03,0.0282702,500.0,1050.0
600000,1074.73,6180.16,9053.35,-2399.07,69.3209,-2294.83,7197.09,6414.6,4928.79,2168.77,-1144.14,-322.284,0.0262707,600.0,1050.0
700000,1060.96,4381.52,9053.35,-2401.43,68.4326,-2308.24,4144.86,4911.39,4088.3,-1609.76,-2498.11,976.549,0.0263133,700.0,1050.0
800000,1045.12,5711.09,9053.35,-2399.77,67.4108,-2300.09,5063.29,4573.67,7496.31,1683.41,-3585.92,-2536.93,0.0229571,800.0,1050.0
900000,1057.21,5644.28,9053.35,-2398.7,68.1907,-2298.62,2666.51,8874.99,5391.34,1928.38,-6528.65,148.077,0.0204859,900.0,1050.0
1000000,1056.95,4939.2,9053.35,-2402.61,68.1739,-2306.53,4740.81,10611.7,-534.926,-701.174,-357.788,4058.07,0.0183152,1000.0,1050.0
1100000,1127.31,5000.38,9053.35,-2402.28,72.7125,-2301.31,8386.87,2790.27,3823.99,2859.18,867.33,632.516,0.018493,1100.0,1050.0
1200000,1028.85,4628.35,9053.35,-2398.32,66.3618,-2305.8,5658.59,6519.59,1706.86,491.582,981.344,3062.02,0.0175724,1200.0,1050.0
1300000,1069.82,5372.57,9053.35,-2393.88,69.0045,-2294.51,7120.13,7316.64,1680.93,3383.07,-1866.74,-90.7276,0.0188551,1300.0,1050.0
1400000,1025.44,2836.23,9053.35,-2402.19,66.1416,-2320.03,1582.44,1289.92,5636.33,-2619.34,-934.014,1102.43,0.017741,1400.0,1050.0
1500000,1073.4,5667.85,9053.35,-2401.04,69.2352,-2299.78,7337.31,6417.15,3249.11,1474.94,3168.0,-3017.43,0.0174125,1500.0,1050.0
1600000,1038.97,2671.52,9053.35,-2400.53,67.0143,-2318.42,848.768,3880.84,3284.94,468.13,330.012,-1925.79,0.0178702,1600.0,1050.0
1700000,1055.0,4334.24,9053.35,-2402.42,68.0486,-2309.88,5008.16,3434.56,4559.98,624.915,1264.39,3983.01,0.0176156,1700.0,1050.0
1800000,1052.35,5078.56,9053.35,-2406.42,67.8775,-2309.85,6348.81,294.39,8592.47,1629.69,-1720.95,3655.22,0.0178571,1800.0,1050.0
1900000,1095.82,4753.87,9053.35,-2401.93,70.6812,-2304.39,3287.95,6812.47,4161.2,115.499,1776.71,-224.618,0.0167604,1900.0,1050.0
2000000,1034.53,6030.83,9053.35,-2397.3,66.7282,-2296.5,8875.92,5148.47,4068.1,-3002.26,-2185.91,-50.6432,0.0178323,2000.0,1050.0
2100000,1075.24,4699.59,9053.35,-2398.77,69.3538,-2302.86,7694.81,3056.56,3347.4,2093.04,814.227,1203.13,0.0167804,2100.0,1050.0
2200000,982.541,5520.42,9053.35,-2397.51,63.3747,-2302.94,776.704,5397.93,10386.6,2799.43,1723.39,4936.86,0.0174965,2200.0,1050.0
2300000,1059.91,2076.87,9053.35,-2408.31,68.3649,-2328.21,-412.077,4347.4,2295.28,-49.6178,2765.59,3626.41,0.0172737,2300.0,1050.0
2400000,1066.12,4732.52,9053.35,-2400.82,68.7659,-2305.31,3568.08,4875.03,5754.45,-1969.87,-4139.21,3133.15,0.0169468,2400.0,1050.0
2500000,1019.49,6121.3,9053.35,-2398.99,65.7581,-2298.64,9996.2,1690.89,6676.8,1478.62,474.184,565.545,0.0165263,2500.0,1050.0
2600000,1028.12,6061.54,9053.35,-2403.1,66.3145,-2302.53,2770.78,6125.22,9288.62,-519.275,4724.71,-505.312,0.0162081,2600.0,1050.0
2700000,1050.11,4859.14,9053.35,-2399.71,67.7327,-2304.52,4508.93,6099.43,3969.07,-60.5355,-1119.44,-2646.77,0.0157627,2700.0,1050.0
2800000,1059.83,7153.25,9053.35,-2396.46,68.3599,-2287.68,7841.12,5890.12,7728.49,-1704.16,848.944,-3077.19,0.0153094,2800.0,1050.0
2900000,1071.95,1966.08,9053.35,-2405.91,69.1417,-2325.65,39.0037,2591.75,3267.48,3785.18,4615.16,4868.07,0.015436,2900.0,1050.0
3000000,1037.44,3497.78,9053.35,-2402.58,66.9156,-2315.9,-2040.05,10111.3,2422.13,-116.394,2550.4,-163.84,0.0160319,3000.0,1050.0
3100000,1033.9,5086.87,9053.35,-2403.8,66.6875,-2308.37,7394.02,3139.94,4726.65,2348.77,5367.96,3830.45,0.0156176,3100.0,1050.0
3200000,1029.47,5835.46,9053.35,-2398.48,66.4019,-2299.1,6333.61,6174.51,4998.25,-1069.38,3917.12,-1024.17,0.0165025,3200.0,1050.0
3300000,955.287,4489.11,9053.35,-2402.65,61.6168,-2315.67,8353.95,4520.3,593.079,-32.4155,-89.2717,258.568,0.0163455,3300.0,1050.0
3400000,1061.75,5620.92,9053.35,-2394.29,68.4836,-2294.05,6576.41,3706.79,6579.57,2534.63,-3304.82,4380.76,0.0157105,3400.0,1050.0
3500000,1034.71,5656.42,9053.35,-2399.29,66.7394,-2300.59,10490.6,4959.65,1518.99,35.3095,-3182.64,1051.08,0.0159363,3500.0,1050.0
3600000,1048.65,4563.34,9053.35,-2399.5,67.639,-2306.07,1673.12,11435.0,581.852,5545.12,3003.31,377.176,0.0158665,3600.0,1050.0
3700000,1028.93,3965.76,9053.35,-2401.91,66.3668,-2313.13,3247.71,8482.62,166.938,4309.36,2130.84,-867.076,0.0157046,3700.0,1050.0
3800000,1032.95,3091.48,9053.35,-2403.51,66.6262,-2319.42,-1331.23,4976.96,5628.7,-1300.22,5881.38,3633.57,0.0152111,3800.0,1050.0
3900000,1073.72,6590.54,9053.35,-2399.7,69.2558,-2293.21,2120.24,11303.9,6347.51,4896.36,-1983.54,-959.444,0.0152724,3900.0,1050.0
4000000,1025.59,5353.37,9053.35,-2400.93,66.1514,-2304.53,6706.36,3446.99,5906.75,1605.43,-191.29,-3471.47,0.0151084,4000.0,1050.0
4100000,1040.84,3766.92,9053.35,-2399.94,67.1349,-2311.52,5340.68,-854.443,6814.52,5303.91,-4072.47,2133.04,0.0150656,4100.0,1050.0
4200000,1125.91,5911.33,9053.35,-2397.48,72.6221,-2291.46,6834.84,5283.27,5615.89,2395.34,387.502,-645.95,0.0149082,4200.0,1050.0
4300000,1076.35,6633.75,9053.35,-2399.14,69.4257,-2292.23,8496.7,6478.47,4926.07,-3080.3,-2295.93,178.884,0.0144703,4300.0,1050.0
4400000,1022.16,5824.54,9053.35,-2399.52,65.9299,-2300.68,2212.94,5343.01,9917.66,-204.896,780.758,-2327.89,0.0147334,4400.0,1050.0
4500000,1054.01,3218.97,9053.35,-2405.76,67.9842,-2319.59,8084.68,-2423.24,3995.48,-1017.55,672.749,16.9196,0.0151315,4500.0,1050.0
4600000,1060.15,6345.85,9053.35,-2398.42,68.3806,-2294.18,11064.0,707.982,7265.55,-1750.65,-1624.06,3321.49,0.0150128,4600.0,1050.0
4700000,1030.89,6210.88,9053.35,-2398.62,66.4934,-2297.03,3272.42,5195.37,10164.9,5206.61,508.008,-240.581,0.0149769,4700.0,1050.0
4800000,1073.7,3373.79,9053.35,-2397.29,69.2544,-2308.97,7640.61,949.872,1530.89,894.681,4527.89,-1624.75,0.0150197,4800.0,1050.0
4900000,1045.71,6059.25,9053.35,-2404.46,67.4489,-2302.77,4273.4,6040.18,7864.17,734.873,446.107,3779.83,0.015016,4900.0,1050.0
5000000,1122.98,3470.77,9053.35,-2402.66,72.4334,-2310.62,2226.81,5683.23,2502.26,-2898.07,1368.87,4905.98,0.0148056,5000.0,1050.0
5100000,1052.57,5145.29,9053.35,-2398.46,67.8914,-2301.5,3017.52,7015.07,5403.29,2100.11,-1312.24,-384.448,0.0151193,5100.0,1050.0
5200000,1025.75,5509.31,9053.35,-2397.2,66.1617,-2299.9,8347.3,543.293,7637.33,1383.69,-3820.91,2573.07,0.0149391,5200.0,1050.0
5300000,1046.28,9419.55,9053.35,-2392.73,67.4857,-2272.02,9056.67,10733.0,8469.03,-377.369,-1331.87,-588.338,0.0159857,5300.0,1050.0
5400000,1012.53,2094.1,9053.35,-2403.67,65.3092,-2326.53,1131.08,-2757.17,7908.38,465.127,515.528,-1695.27,0.0160393,5400.0,1050.0
5500000,1042.45,9214.49,9053.35,-2391.84,67.2389,-2272.53,6005.46,11258.1,10379.9,-2507.92,1067.12,5167.39,0.0159848,5500.0,1050.0
5600000,1049.09,5252.09,9053.35,-2401.17,67.6671,-2303.82,6230.74,5547.76,3977.78,-97.7675,-1244.65,-962.947,0.0154784,5600.0,1050.0
5700000,965.754,3652.83,9053.35,-2404.12,62.2919,-2321.19,2953.76,3703.2,4301.51,-1839.61,1871.96,759.528,0.0156468,5700.0,1050.0
5800000,1026.9,4592.38,9053.35,-2402.14,66.2361,-2309.96,8352.84,3938.42,1485.88,-1182.02,-541.617,-1635.41,0.015405,5800.0,1050.0
5900000,1025.64,4215.62,9053.35,-2400.83,66.1547,-2310.86,848.821,8791.75,3006.27,-2172.89,204.063,1031.32,0.0156124,5900.0,1050.0
6000000,1037.89,6324.84,9053.35,-2397.53,66.9447,-2294.84,6323.14,3007.6,9643.77,-836.267,-3308.72,716.308,0.0154407,6000.0,1050.0
6100000,1005.57,2899.01,9053.35,-2400.75,64.86,-2319.51,-1634.91,1374.26,8957.68,-648.281,647.316,900.052,0.0160167,6100.0,1050.0
6200000,1096.23,4501.21,9053.35,-2402.32,70.7078,-2306.18,5083.49,2910.53,5509.59,-387.563,3691.51,751.2,0.0159338,6200.0,1050.0
6300000,1019.03,4003.78,9053.35,-2400.55,65.7281,-2312.2,5823.13,6065.67,122.541,-2163.74,685.456,-3085.19,0.015553,6300.0,1050.0
6400000,1036.57,5110.42,9053.35,-2399.32,66.8599,-2303.58,7212.96,6257.52,1860.77,3062.46,331.238,-3503.81,0.0157207,6400.0,1050.0
6500000,991.096,4358.48,9053.35,-2400.87,63.9265,-2312.32,4404.69,5440.07,3230.68,-2123.41,-397.005,1474.2,0.0159282,6500.0,1050.0
6600000,1115.6,5875.27,9053.35,-2397.16,71.9574,-2292.01,8053.49,617.585,8954.75,-1469.78,-1718.42,2789.9,0.0158863,6600.0,1050.0
6700000,1034.13,3800.35,9053.35,-2404.37,66.7021,-2316.19,3647.23,4636.65,3117.16,1353.35,1413.48,27.6898,0.0155604,6700.0,1050.0
6800000,995.837,6092.18,9053.35,-2402.21,64.2323,-2303.55,7943.88,5275.26,5057.4,2654.26,-1805.2,3770.95,0.0154323,6800.0,1050.0
6900000,1023.86,4629.87,9053.35,-2397.7,66.0401,-2305.5,3392.03,2885.83,7611.76,735.709,-2145.15,1796.2,0.0152973,6900.0,1050.0
7000000,1064.08,3529.08,9053.35,-2400.91,68.6338,-2312.34,5091.25,4925.72,570.257,-649.829,51.4667,2111.31,0.0151107,7000.0,1050.0
7100000,1046.07,4565.55,9053.35,-2402.37,67.4726,-2309.1,4070.15,589.176,9037.32,-140.397,83.7258,179.595,0.0149098,7100.0,1050.0
7200000,1072.09,3632.7,9053.35,-2405.47,69.1505,-2315.8,5142.37,3700.37,2055.36,-3173.76,1862.91,-1281.05,0.0150603,7200.0,1050.0
7300000,1107.51,6805.65,9053.35,-2399.45,71.4354,-2289.56,6049.42,11460.9,2906.59,-3593.47,-993.85,-4350.06,0.0153691,7300.0,1050.0
7400000,1024.69,5565.3,9053.35,-2401.28,66.0931,-2303.74,5616.98,3308.3,7770.62,1156.33,-2105.1,-1205.84,0.015506,7400.0,1050.0
7500000,1025.02,3460.63,9053.35,-2403.69,66.1144,-2318.02,1666.93,2197.48,6517.49,-1971.68,-1232.74,581.491,0.016207,7500.0,1050.0
7600000,1074.57,5427.68,9053.35,-2401.94,69.3107,-2301.96,7431.84,3002.83,5848.36,-2155.62,298.162,322.948,0.0160853,7600.0,1050.0
7700000,1091.89,4040.87,9053.35,-2405.32,70.4279,-2312.06,2635.46,4757.94,4729.21,2268.23,-463.743,5447.49,0.0161206,7700.0,1050.0
7800000,1086.09,6478.33,9053.35,-2398.24,70.0538,-2291.58,5703.73,7793.48,5937.78,5490.11,-114.872,773.169,0.0161744,7800.0,1050.0
7900000,1055.48,2597.69,9053.35,-2404.36,68.0793,-2321.6,5125.58,3910.35,-1242.88,-929.026,1079.14,-2091.54,0.0160441,7900.0,1050.0
8000000,1024.55,7591.75,9053.35,-2398.51,66.0844,-2289.53,5220.45,11640.9,5913.9,-2397.39,159.8,581.729,0.016182,8000.0,1050.0
8100000,1059.44,5228.73,9053.35,-2400.2,68.3351,-2302.32,11325.8,3682.02,678.345,2631.79,215.334,-810.051,0.0162035,8100.0,1050.0
8200000,1093.11,5844.76,9053.35,-2401.55,70.5062,-2298.01,10527.9,3159.85,3846.56,2864.08,1574.21,-2582.75,0.0160316,8200.0,1050.0
8300000,1009.21,7998.91,9053.35,-2391.47,65.0946,-2281.18,6045.25,9922.27,8029.2,-1543.57,-1897.57,5214.52,0.0159231,8300.0,1050.0
8400000,1017.62,4482.48,9053.35,-2398.93,65.6372,-2307.97,3230.29,-3172.69,13389.8,-905.009,-1926.52,848.507,0.0162062,8400.0,1050.0
8500000,1047.77,5721.89,9053.35,-2403.84,67.5819,-2303.92,5816.4,5442.37,5906.91,-316.387,-2206.64,-11.2133,0.0163589,8500.0,1050.0
8600000,1069.58,5518.2,9053.35,-2399.36,68.9891,-2299.19,6532.8,6355.75,3666.06,-5418.45,1438.43,-2769.42,0.016358,8600.0,1050.0
8700000,1083.13,5271.85,9053.35,-2401.3,69.8629,-2301.65,5053.27,5491.27,5271.02,1715.99,-883.706,-3146.66,0.0170025,8700.0,1050.0
8800000,1068.29,2796.47,9053.35,-2404.12,68.9058,-2319.41,2171.13,642.476,5575.81,-1912.79,2487.2,-5783.5,0.0167554,8800.0,1050.0
8900000,1055.87,5365.13,9053.35,-2399.2,68.1045,-2300.78,8535.29,4874.61,2685.5,2716.14,3829.6,1547.93,0.0165585,8900.0,1050.0
9000000,1039.11,5376.43,9053.35,-2401.25,67.0232,-2303.85,6049.93,5236.27,4843.1,95.8291,-365.372,-830.209,0.0166594,9000.0,1050.0
9100000,1035.86,1756.19,9053.35,-2404.35,66.8139,-2327.61,-891.198,5431.14,728.63,959.5,270.168,694.082,0.0164702,9100.0,1050.0
9200000,1051.98,4345.05,9053.35,-2399.63,67.8534,-2307.23,1225.65,3617.23,8192.27,5098.73,-1605.39,324.844,0.0172164,9200.0,1050.0
9300000,1098.59,6375.34,9053.35,-2401.05,70.8598,-2294.17,4446.55,7685.87,6993.61,322.275,605.845,2154.47,0.0180339,9300.0,1050.0
9400000,1034.81,5321.87,9053.35,-2397.5,66.746,-2300.68,1048.26,8869.99,6047.36,2770.93,2450.45,-1577.74,0.0182581,9400.0,1050.0
9500000,1073.75,3302.1,9053.35,-2402.1,69.2579,-2314.19,3244.03,5088.9,1573.38,2921.53,-2771.15,-2107.38,0.0183583,9500.0,1050.0
9600000,1043.27,6247.19,9053.35,-2400.97,67.2915,-2298.38,7445.11,5797.35,5499.11,-2206.83,1339.02,954.826,0.0183091,9600.0,1050.0
9700000,1032.6,6801.82,9053.35,-2398.34,66.6036,-2293.3,4110.8,10143.1,6151.52,4039.66,-7748.92,937.024,0.0181454,9700.0,1050.0
9800000,953.398,8221.51,9053.35,-2394.18,61.4949,-2286.23,4720.66,9917.35,10026.5,939.305,-202.772,2207.74,0.0183224,9800.0,1050.0
9900000,1083.61,7079.03,9053.35,-2396.87,69.8936,-2286.97,7410.28,11315.1,2511.71,1764.83,1161.47,-4062.17,0.0183537,9900.0,1050.0
10000000,1090.33,5643.97,9053.35,-2400.96,70.3269,-2298.74,6090.26,3260.02,7581.64,4074.5,-298.06,-1490.41,0.0182789,10000.0,1050.0
