TimeStep,temp,pressure,vol,pe,ke,enthalpy,pxx,pyy,pzz,pxy,pxz,pyz,visc,time,hold_temp
0,1365.9,-1587.68,9337.86,-2356.66,88.1017,-2277.81,290.233,762.185,-5815.45,179.696,313.32,-496.027,3.26466e-05,0.0,1300.0
100000,1261.19,-1266.33,9337.86,-2356.32,81.3481,-2282.35,5069.86,28.5466,-8897.39,2563.94,-1169.05,619.751,0.020265,100.0,1300.0
200000,1338.79,-1788.69,9337.86,-2354.06,86.3528,-2278.14,-1715.93,-410.775,-3239.36,122.664,-2623.43,2445.31,0.00822043,200.0,1300.0
300000,1309.95,-459.69,9337.86,-2353.7,84.4931,-2271.88,-1128.49,-211.336,-39.2488,506.014,-1744.26,-1270.08,0.0109413,300.0,1300.0
400000,1302.93,-3648.97,9337.86,-2357.88,84.0398,-2295.11,182.018,-5713.0,-5415.92,1359.19,-1959.69,-293.101,0.00985357,400.0,1300.0
500000,1313.51,-841.861,9337.86,-2358.25,84.7222,-2278.44,5072.58,-4542.64,-3055.52,-1841.05,-1851.98,-1724.23,0.00824357,500.0,1300.0
600000,1345.38,-3014.07,9337.86,-2362.29,86.7779,-2293.08,-2883.87,-620.161,-5538.17,-6849.87,4207.91,386.909,0.00677325,600.0,1300.0
700000,1260.6,-2870.41,9337.86,-2352.31,81.3097,-2287.73,-2967.4,-4179.37,-1464.46,-119.753,1226.14,508.606,0.00600934,700.0,1300.0
800000,1315.11,752.891,9337.86,-2350.96,84.8257,-2261.74,3062.72,-3231.15,2427.1,805.761,2410.34,-1199.1,0.00512687,800.0,1300.0
900000,1283.43,-2548.94,9337.86,-2357.69,82.7826,-2289.76,2259.39,542.85,-10449.1,3111.39,-4093.76,3229.94,0.0074052,900.0,1300.0
1000000,1319.39,-2575.59,9337.86,-2362.44,85.1019,-2292.35,706.948,-3812.87,-4620.84,-1248.12,-2343.0,1878.02,0.0061494,1000.0,1300.0
1100000,1386.89,-2914.7,9337.86,-2361.98,89.4553,-2289.51,-586.975,-1750.07,-6407.07,2550.33,-2365.56,-5720.91,0.00668224,1100.0,1300.0
1200000,1361.26,-3511.79,9337.86,-2360.49,87.8025,-2293.16,364.509,-3687.37,-7212.52,3600.34,-981.977,-1071.02,0.00664827,1200.0,1300.0
1300000,1321.18,1348.35,9337.86,-2348.91,85.2173,-2255.83,1891.85,2769.82,-616.606,-3166.99,2485.45,-1734.39,0.00619532,1300.0,1300.0
1400000,1282.93,-2838.82,9337.86,-2357.55,82.7498,-2291.34,-4125.29,-5172.49,781.319,-4900.98,-1602.27,4584.9,0.00722624,1400.0,1300.0
1500000,1320.21,-713.702,9337.86,-2358.78,85.1549,-2277.79,3848.49,-4218.94,-1770.65,1861.4,-1653.37,3971.65,0.00664982,1500.0,1300.0
1600000,1260.74,-4369.42,9337.86,-2362.66,81.319,-2306.81,-5220.69,-663.217,-7224.35,2426.47,203.9,3617.51,0.00674176,1600.0,1300.0
1700000,1267.31,-637.81,9337.86,-2352.47,81.7423,-2274.45,2452.68,-3778.57,-587.538,5055.32,-981.727,-835.846,0.00688692,1700.0,1300.0
1800000,1317.45,-1743.15,9337.86,-2357.3,84.9765,-2282.48,-3674.18,-265.656,-1289.62,496.948,-4267.92,-1190.66,0.00658473,1800.0,1300.0
1900000,1405.92,79.5803,9337.86,-2356.29,90.6827,-2265.15,-1693.09,2133.01,-201.175,1186.97,4001.97,2750.6,0.00627326,1900.0,1300.0
2000000,1235.36,-3827.36,9337.86,-2353.94,79.6814,-2296.56,-4496.55,-1787.53,-5198.0,-4123.28,869.4,2027.17,0.00613873,2000.0,1300.0
2100000,1255.93,-2184.27,9337.86,-2353.81,81.0086,-2285.54,-1262.43,-946.914,-4343.48,-261.817,-851.884,-397.799,0.00690247,2100.0,1300.0
2200000,1293.22,-3814.06,9337.86,-2355.84,83.414,-2294.66,-5552.54,-2897.39,-2992.24,-2265.37,1220.44,885.654,0.00688866,2200.0,1300.0
2300000,1250.31,-1924.5,9337.86,-2357.75,80.646,-2288.32,2723.91,-4483.53,-4013.88,3199.19,133.87,-4635.94,0.00743242,2300.0,1300.0
2400000,1283.43,-4004.24,9337.86,-2354.3,82.7821,-2294.85,994.627,-8939.2,-4068.14,-1150.08,-216.34,666.468,0.0071513,2400.0,1300.0
2500000,1258.6,-1374.06,9337.86,-2354.22,81.1805,-2281.05,-2929.56,-1271.23,78.6025,898.307,5202.99,-5190.98,0.00727789,2500.0,1300.0
2600000,1329.3,-1797.4,9337.86,-2355.37,85.7406,-2280.11,-510.511,-2705.94,-2175.74,-2945.03,373.637,-1643.21,0.00695408,2600.0,1300.0
2700000,1309.69,-907.684,9337.86,-2358.84,84.4762,-2279.66,1696.13,-3542.26,-876.929,-2112.72,-2855.86,1957.45,0.00730737,2700.0,1300.0
2800000,1222.21,-3003.83,9337.86,-2358.49,78.8338,-2297.17,-2561.15,-4369.87,-2080.46,906.68,-2463.6,2270.84,0.00719589,2800.0,1300.0
2900000,1319.0,-2782.25,9337.86,-2360.11,85.0767,-2291.25,-2909.26,-3470.79,-1966.7,-712.311,2682.45,-863.916,0.00693004,2900.0,1300.0
3000000,1379.65,-1854.21,9337.86,-2357.49,88.9885,-2279.3,-3045.3,-4306.7,1789.37,1670.06,5269.44,2558.98,0.00665423,3000.0,1300.0
3100000,1269.13,-3615.98,9337.86,-2359.57,81.8596,-2298.79,-1975.4,-8193.4,-679.155,1601.32,-79.2174,-1469.03,0.00652314,3100.0,1300.0
3200000,1301.51,-5715.39,9337.86,-2361.22,83.9487,-2310.58,-9094.63,1301.26,-9352.8,-764.072,-221.657,-527.808,0.00662757,3200.0,1300.0
3300000,1263.19,-4913.54,9337.86,-2361.3,81.477,-2308.46,-6625.09,-5375.69,-2739.86,-3994.11,-3732.03,2475.4,0.0066345,3300.0,1300.0
3400000,1306.44,-678.66,9337.86,-2355.8,84.2663,-2275.49,-1552.67,-867.025,383.714,821.108,654.577,2210.64,0.00634344,3400.0,1300.0
3500000,1237.57,-2325.89,9337.86,-2357.57,79.8241,-2291.3,1174.59,-4987.95,-3164.31,-2947.52,1010.45,-2829.96,0.00623727,3500.0,1300.0
3600000,1318.36,-4933.98,9337.86,-2363.8,85.035,-2307.52,-6117.63,-7752.68,-931.638,3873.02,3367.47,944.022,0.00615186,3600.0,1300.0
3700000,1276.06,-112.341,9337.86,-2353.27,82.3069,-2271.62,-463.986,411.63,-284.668,-4076.33,-3174.25,-509.289,0.0062436,3700.0,1300.0
3800000,1297.17,-4772.41,9337.86,-2361.33,83.6688,-2305.47,-6938.62,-2346.41,-5032.21,762.987,-3861.67,-237.807,0.00616564,3800.0,1300.0
3900000,1371.24,-1588.78,9337.86,-2355.37,88.4458,-2276.19,-4896.31,1565.93,-1435.96,1850.54,421.31,2782.64,0.00613834,3900.0,1300.0
4000000,1328.6,-1060.46,9337.86,-2360.27,85.6961,-2280.75,-869.917,-2193.2,-118.263,1552.11,2031.01,2180.44,0.00610037,4000.0,1300.0
4100000,1292.39,543.308,9337.86,-2358.77,83.3601,-2272.24,117.616,1275.11,237.198,-1711.41,-2082.8,1222.97,0.0059618,4100.0,1300.0
4200000,1266.9,-347.909,9337.86,-2352.89,81.716,-2273.2,-2630.75,2306.54,-719.516,1864.83,-3553.02,-3699.82,0.00586297,4200.0,1300.0
4300000,1327.61,-957.064,9337.86,-2359.67,85.6317,-2279.61,1361.51,826.252,-5058.96,-1670.94,466.73,7256.92,0.00594185,4300.0,1300.0
4400000,1238.1,-2868.65,9337.86,-2357.18,79.8582,-2294.04,-3573.85,-7797.94,2765.82,-2406.53,3096.76,-3769.37,0.00589306,4400.0,1300.0
4500000,1338.53,-528.247,9337.86,-2356.21,86.336,-2272.95,398.091,-3307.69,1324.85,-57.0628,66.7186,-4399.04,0.00588141,4500.0,1300.0
4600000,1248.23,271.576,9337.86,-2353.14,80.5117,-2271.04,23.3038,1789.34,-997.92,559.992,-5027.24,1004.28,0.00574459,4600.0,1300.0
4700000,1372.47,2192.56,9337.86,-2354.58,88.5257,-2253.28,561.163,3633.86,2382.65,-4625.2,2032.88,-0.153995,0.00560397,4700.0,1300.0
4800000,1265.95,-3300.45,9337.86,-2358.45,81.6548,-2296.04,3707.32,-10138.9,-3469.73,1168.56,-2654.85,-4369.74,0.0057662,4800.0,1300.0
4900000,1323.81,-660.386,9337.86,-2362.11,85.3871,-2280.57,-135.195,-1962.74,116.774,5594.3,2283.82,260.439,0.0055817,4900.0,1300.0
5000000,1270.6,-2994.46,9337.86,-2355.75,81.9549,-2291.25,-1344.62,-4591.33,-3047.44,486.864,2145.68,-2364.75,0.00543729,5000.0,1300.0
5100000,1259.3,-732.514,9337.86,-2353.13,81.2258,-2276.17,-5937.18,2819.39,920.244,2613.56,3806.58,-387.067,0.0054556,5100.0,1300.0
5200000,1260.05,-1914.37,9337.86,-2357.83,81.2744,-2287.71,-1164.74,-5182.51,604.131,4646.0,-4800.2,757.262,0.00553805,5200.0,1300.0
5300000,1498.37,-1582.08,9337.86,-2360.39,96.6459,-2272.97,-2561.81,298.392,-2482.82,1476.22,-66.929,9.16845,0.00556025,5300.0,1300.0
5400000,1232.76,-3949.5,9337.86,-2359.81,79.5138,-2303.31,-4916.92,-4173.51,-2758.06,321.762,4329.75,1449.11,0.00572898,5400.0,1300.0
5500000,1355.13,-3372.03,9337.86,-2362.25,87.4073,-2294.5,-4292.04,-3210.16,-2613.9,-2536.23,411.722,-185.676,0.00557237,5500.0,1300.0
5600000,1353.27,-3204.04,9337.86,-2363.21,87.2869,-2294.6,-6844.13,-1760.69,-1007.29,-4028.64,67.9661,-1439.17,0.00552309,5600.0,1300.0
5700000,1269.77,-25.7348,9337.86,-2358.44,81.9014,-2276.68,893.129,-1120.98,150.648,-716.611,3447.98,4165.36,0.00554323,5700.0,1300.0
5800000,1323.33,-337.101,9337.86,-2355.38,85.3561,-2271.99,-3732.88,-705.275,3426.85,222.234,-5002.14,-5507.74,0.00557167,5800.0,1300.0
5900000,1275.3,-2574.25,9337.86,-2355.94,82.2577,-2288.68,151.065,-4720.01,-3153.81,1747.44,6298.39,2517.57,0.00567485,5900.0,1300.0
6000000,1255.62,-3928.59,9337.86,-2358.45,80.9887,-2300.36,-2939.52,-4986.79,-3859.45,2821.38,-2995.1,-605.099,0.00586808,6000.0,1300.0
6100000,1263.21,-177.818,9337.86,-2356.16,81.478,-2275.72,1126.72,3288.82,-4948.99,-2845.23,-2003.42,2147.87,0.00572371,6100.0,1300.0
6200000,1233.19,-1738.36,9337.86,-2359.47,79.542,-2290.06,-6250.61,3785.76,-2750.24,-1508.91,1048.92,187.158,0.00582597,6200.0,1300.0
6300000,1343.74,-4812.52,9337.86,-2365.09,86.6724,-2306.47,-4222.29,-7283.8,-2931.46,-443.776,701.322,-1936.53,0.00595523,6300.0,1300.0
6400000,1295.04,23.5458,9337.86,-2356.71,83.531,-2273.04,-64.9816,-1724.57,1860.19,196.803,-1072.89,-133.694,0.00590623,6400.0,1300.0
6500000,1358.79,-2182.16,9337.86,-2357.68,87.6427,-2282.76,1622.46,-5016.71,-3152.24,-7393.3,1107.46,-2457.42,0.0058534,6500.0,1300.0
6600000,1386.84,-3402.06,9337.86,-2359.51,89.4526,-2289.88,-5884.43,-1845.3,-2476.44,540.524,-713.213,2684.21,0.00581833,6600.0,1300.0
6700000,1277.07,134.891,9337.86,-2353.54,82.3719,-2270.38,-1756.98,2856.35,-694.701,1811.68,-1596.74,-6024.42,0.00580716,6700.0,1300.0
6800000,1391.85,-116.595,9337.86,-2353.79,89.7756,-2264.69,-4520.37,4091.58,79.0009,-2828.05,1158.21,-793.529,0.00570321,6800.0,1300.0
6900000,1337.23,825.646,9337.86,-2354.47,86.2525,-2263.41,3380.73,-1816.34,912.547,1319.26,1503.23,-80.1523,0.00568882,6900.0,1300.0
7000000,1283.77,1213.21,9337.86,-2353.96,82.804,-2264.08,-3535.56,1580.04,5595.16,2210.37,-634.27,2432.31,0.00563054,7000.0,1300.0
7100000,1325.74,383.459,9337.86,-2356.87,85.5112,-2269.13,782.248,-2624.12,2992.25,2210.25,-573.965,1964.15,0.0056357,7100.0,1300.0
7200000,1355.07,-1640.7,9337.86,-2354.19,87.403,-2276.35,310.579,-6213.21,980.539,299.404,267.468,5093.56,0.00552929,7200.0,1300.0
7300000,1369.21,-1418.29,9337.86,-2359.52,88.3153,-2279.47,-4677.26,3013.51,-2591.11,1098.56,-556.253,1160.98,0.00557009,7300.0,1300.0
7400000,1347.91,-994.706,9337.86,-2358.72,86.9415,-2277.57,-1441.87,675.057,-2217.3,-56.1157,437.069,548.789,0.00562773,7400.0,1300.0
7500000,1272.08,-2842.19,9337.86,-2357.75,82.0505,-2292.26,-4819.66,-3367.58,-339.337,4112.14,1074.87,-476.172,0.00580351,7500.0,1300.0
7600000,1349.34,1515.79,9337.86,-2345.7,87.0338,-2249.83,-214.236,1843.98,2917.64,-3551.59,-4309.54,-2793.75,0.00574377,7600.0,1300.0
7700000,1266.5,-394.274,9337.86,-2355.35,81.6904,-2275.95,4611.54,-2976.47,-2817.89,2285.45,5138.11,-3190.93,0.00569859,7700.0,1300.0
7800000,1273.42,-2300.28,9337.86,-2354.81,82.1369,-2286.08,-2921.6,-6700.12,2720.88,1453.33,243.88,833.325,0.00558911,7800.0,1300.0
7900000,1310.06,1430.49,9337.86,-2354.23,84.4999,-2261.39,-136.433,2324.73,2103.16,-559.79,421.834,350.912,0.00562247,7900.0,1300.0
8000000,1280.71,-3148.54,9337.86,-2357.78,82.6067,-2293.52,-1317.01,-2650.21,-5478.39,3544.22,2261.97,-1343.78,0.00562982,8000.0,1300.0
8100000,1291.21,-173.704,9337.86,-2352.65,83.2843,-2270.38,3421.96,1432.5,-5375.57,570.338,722.903,-1848.64,0.00560197,8100.0,1300.0
8200000,1254.45,-2879.26,9337.86,-2361.31,80.9133,-2297.18,-2982.8,-1475.47,-4179.5,-301.719,-1202.43,2848.47,0.00550008,8200.0,1300.0
8300000,1371.25,-4846.14,9337.86,-2362.05,88.4466,-2301.85,-5870.59,-8432.74,-235.102,5774.63,-819.37,1707.87,0.00546184,8300.0,1300.0
8400000,1294.61,121.937,9337.86,-2355.01,83.5036,-2270.79,-3753.54,4780.83,-661.478,-2899.52,-1471.97,226.974,0.00547481,8400.0,1300.0
8500000,1374.43,113.343,9337.86,-2356.19,88.6518,-2266.88,-1664.16,-1313.42,3317.62,-4449.31,-1034.31,-1487.29,0.00553741,8500.0,1300.0
8600000,1292.21,-4217.75,9337.86,-2364.33,83.3488,-2305.56,-3854.5,-9727.24,928.498,1542.76,1044.21,2880.12,0.00549419,8600.0,1300.0
8700000,1329.86,-1732.81,9337.86,-2359.96,85.7772,-2284.29,-4433.33,-5913.52,5148.43,-1464.57,-4796.76,1686.28,0.00540699,8700.0,1300.0
8800000,1291.31,-1810.2,9337.86,-2359.44,83.2905,-2286.7,4381.24,-5651.67,-4160.17,-4111.63,763.075,-2458.47,0.00532031,8800.0,1300.0
8900000,1276.11,-1990.66,9337.86,-2356.96,82.3104,-2286.26,-1869.31,-1155.69,-2946.98,-1700.17,-5562.68,-4221.91,0.00527167,8900.0,1300.0
9000000,1365.19,-1777.5,9337.86,-2354.34,88.0555,-2276.65,-2522.94,3241.79,-6051.36,2225.17,-4035.72,-4153.03,0.00521118,9000.0,1300.0
9100000,1340.29,-3845.78,9337.86,-2364.89,86.4498,-2300.85,-4247.11,-2760.35,-4529.88,1164.91,2885.07,152.426,0.0052079,9100.0,1300.0
9200000,1247.89,-737.482,9337.86,-2351.86,80.4898,-2275.67,2495.52,-4906.71,198.737,-3056.14,-1684.81,-654.66,0.0051854,9200.0,1300.0
9300000,1338.4,-6007.18,9337.86,-2360.45,86.3276,-2309.13,-2798.48,-9466.1,-5756.98,-364.546,-4182.82,-383.225,0.00518499,9300.0,1300.0
9400000,1305.46,-1102.55,9337.86,-2348.06,84.2029,-2270.29,-1447.68,-2459.75,599.797,-5172.72,-1022.43,1737.53,0.00539387,9400.0,1300.0
9500000,1310.54,-952.195,9337.86,-2358.65,84.5311,-2279.67,219.174,-1490.68,-1585.08,-436.206,-2756.34,2665.78,0.00529864,9500.0,1300.0
9600000,1361.27,-1078.38,9337.86,-2358.95,87.8028,-2277.44,860.058,-4404.19,308.977,3073.98,3447.14,1410.23,0.00530252,9600.0,1300.0
9700000,1264.99,-5001.6,9337.86,-2360.73,81.5931,-2308.28,-5629.66,-6957.29,-2417.84,3700.37,3839.66,300.201,0.00536136,9700.0,1300.0
9800000,1303.31,-6173.8,9337.86,-2363.99,84.0643,-2315.91,1346.2,-10738.6,-9129.02,1000.1,351.894,3753.04,0.00542916,9800.0,1300.0
9900000,1256.6,456.826,9337.86,-2354.67,81.0517,-2270.95,5377.0,-5882.98,1876.46,3377.69,-643.429,3643.32,0.00546007,9900.0,1300.0
10000000,1350.18,1680.54,9337.86,-2353.72,87.0876,-2256.84,886.898,3791.02,363.712,997.051,-1476.58,-2222.91,0.00547824,10000.0,1300.0
