TimeStep,temp,pressure,vol,pe,ke,enthalpy,pxx,pyy,pzz,pxy,pxz,pyz,visc,time,hold_temp
0,837.241,-2366.89,9231.84,-2461.34,54.0027,-2420.98,-47.963,-4771.67,-2281.03,2526.52,978.631,-218.305,0.000968725,0.0,850.0
100000,852.411,-3145.1,9231.84,-2460.25,54.9812,-2423.39,-2837.15,-1596.1,-5002.06,3598.8,-3143.81,905.108,0.237584,100.0,850.0
200000,822.483,-6804.22,9231.84,-2464.71,53.0509,-2450.86,-8036.38,-4183.46,-8192.81,256.831,-2791.36,-2990.99,0.664172,200.0,850.0
300000,891.878,-5865.5,9231.84,-2464.93,57.5268,-2441.2,-6700.55,-3272.45,-7623.5,-3532.18,-2943.55,-2447.25,0.842731,300.0,850.0
400000,829.15,-2602.02,9231.84,-2460.8,53.4808,-2422.31,-248.588,-3844.93,-3712.55,-4406.97,1588.31,-1033.58,0.790349,400.0,850.0
500000,879.834,-4979.92,9231.84,-2466.93,56.75,-2438.88,-2237.84,-4695.18,-8006.76,-1733.94,-491.549,303.345,0.692873,500.0,850.0
600000,880.952,-5907.3,9231.84,-2465.62,56.8221,-2442.84,-4216.05,-8978.43,-4527.43,2793.71,-3258.91,5441.18,0.644152,600.0,850.0
700000,833.593,-4100.37,9231.84,-2463.27,53.7674,-2433.13,-4385.37,-959.702,-6956.04,2775.48,1845.49,987.254,0.937106,700.0,850.0
800000,864.597,-5134.54,9231.84,-2464.48,55.7672,-2438.3,-6391.98,-5759.57,-3252.06,-516.448,352.725,2054.31,1.31138,800.0,850.0
900000,877.456,-3248.33,9231.84,-2462.2,56.5966,-2424.32,-4019.75,-4889.62,-835.629,-551.261,3367.22,2029.93,1.33701,900.0,850.0
1000000,866.928,-7984.23,9231.84,-2468.41,55.9175,-2458.5,-7665.85,-12727.1,-3559.73,-2230.74,-977.124,2593.44,1.29903,1000.0,850.0
1100000,863.356,-7803.49,9231.84,-2469.3,55.6872,-2458.58,-7148.61,-8286.26,-7975.61,-4289.34,-935.525,-1505.95,1.22878,1100.0,850.0
1200000,812.5,-6459.94,9231.84,-2468.31,52.4069,-2453.13,-4545.41,-6407.71,-8426.71,2163.25,-795.212,-2596.64,1.28335,1200.0,850.0
1300000,845.393,-2687.79,9231.84,-2461.13,54.5285,-2422.09,-2418.09,-1730.86,-3914.43,-972.441,-575.0,-3312.92,1.20127,1300.0,850.0
1400000,801.855,-2612.96,9231.84,-2462.98,51.7203,-2426.32,-5433.32,-2528.38,122.805,690.566,817.073,4149.09,1.14787,1400.0,850.0
1500000,846.838,-6034.61,9231.84,-2464.86,54.6218,-2445.02,-5543.2,-2851.94,-9708.68,-3307.69,1466.65,1323.05,1.10687,1500.0,850.0
1600000,842.752,-7864.13,9231.84,-2469.61,54.3582,-2460.56,-8988.87,-7699.33,-6904.19,-2321.83,-281.252,-1444.94,1.07134,1600.0,850.0
1700000,798.76,-6946.26,9231.84,-2468.0,51.5207,-2456.51,-4576.16,-8500.1,-7762.53,-4279.94,794.65,1076.53,1.07391,1700.0,850.0
1800000,837.884,-4673.48,9231.84,-2465.5,54.0442,-2438.39,-795.973,-7849.43,-5375.03,-809.995,764.295,2785.4,1.02737,1800.0,850.0
1900000,833.499,-6687.94,9231.84,-2468.3,53.7614,-2453.08,-5051.93,-8204.91,-6806.98,-752.46,2817.79,2172.03,1.01623,1900.0,850.0
2000000,859.12,-7535.87,9231.84,-2470.72,55.4139,-2458.73,-7860.48,-10217.7,-4529.4,-2296.12,932.331,495.826,0.982511,2000.0,850.0
2100000,858.51,-8816.51,9231.84,-2471.24,55.3746,-2466.66,-6194.72,-9279.69,-10975.1,-1591.33,348.667,-61.5689,0.945583,2100.0,850.0
2200000,850.414,-5221.91,9231.84,-2465.2,54.8524,-2440.43,-8459.39,-1301.85,-5904.49,-3111.25,874.569,-585.123,0.917238,2200.0,850.0
2300000,845.477,-6094.56,9231.84,-2467.16,54.534,-2447.74,-4369.07,-8957.6,-4957.0,971.902,328.161,897.159,0.888291,2300.0,850.0
2400000,893.666,-6024.64,9231.84,-2466.71,57.6422,-2443.79,-8951.86,-4997.8,-4124.25,-2944.01,-2365.58,-433.317,0.862551,2400.0,850.0
2500000,869.894,-7192.47,9231.84,-2465.98,56.1089,-2451.31,-5717.84,-9446.61,-6412.97,-1245.7,1984.34,-1656.47,0.855312,2500.0,850.0
2600000,863.677,-4550.97,9231.84,-2462.91,55.7079,-2433.43,-54.6069,-6743.14,-6855.15,1378.97,-1104.1,-4819.62,0.849648,2600.0,850.0
2700000,893.004,-6545.24,9231.84,-2469.2,57.5995,-2449.32,-2630.93,-9097.63,-7907.16,-366.199,1822.6,-894.631,0.863763,2700.0,850.0
2800000,821.31,-6321.34,9231.84,-2468.48,52.9752,-2451.93,-5646.83,-5842.75,-7474.44,2313.95,1838.24,-950.85,0.879802,2800.0,850.0
2900000,804.58,-7068.61,9231.84,-2464.63,51.8961,-2453.46,-6460.54,-4667.0,-10078.3,-446.28,1700.56,-1907.05,0.884233,2900.0,850.0
3000000,855.086,-4794.6,9231.84,-2464.01,55.1537,-2436.48,-7532.33,-3230.86,-3620.62,-661.451,2232.25,-580.695,0.857888,3000.0,850.0
3100000,814.872,-6700.42,9231.84,-2469.9,52.5599,-2455.95,-8573.21,-9501.15,-2026.9,21.6699,-2065.42,1842.38,0.839914,3100.0,850.0
3200000,864.398,-8346.23,9231.84,-2470.54,55.7544,-2462.88,-5960.2,-9788.63,-9289.87,-1091.36,-234.366,-473.1,0.816056,3200.0,850.0
3300000,840.576,-8438.65,9231.84,-2472.22,54.2178,-2466.63,-10036.5,-1192.72,-14086.8,2262.49,508.448,1088.43,0.801128,3300.0,850.0
3400000,797.192,-7546.94,9231.84,-2468.44,51.4195,-2460.51,-3355.76,-13145.6,-6139.45,-1482.67,-2111.16,-654.677,0.791109,3400.0,850.0
3500000,861.671,-7706.4,9231.84,-2467.79,55.5785,-2456.61,-5756.63,-8563.3,-8799.27,232.995,-1417.87,819.186,0.778571,3500.0,850.0
3600000,772.518,-10527.0,9231.84,-2471.34,49.828,-2482.16,-9493.87,-10978.0,-11109.1,2421.13,3137.45,4134.65,0.759574,3600.0,850.0
3700000,832.732,-7041.54,9231.84,-2467.84,53.7119,-2454.7,-4743.56,-6486.41,-9894.64,-2215.04,-535.908,1428.69,0.752806,3700.0,850.0
3800000,853.372,-5761.66,9231.84,-2470.34,55.0432,-2448.49,-4392.42,-7168.09,-5724.49,-2207.64,-2971.15,1318.75,0.770559,3800.0,850.0
3900000,896.191,-7653.78,9231.84,-2471.04,57.8051,-2457.34,-7621.6,-5258.46,-10081.3,62.5336,1151.69,4235.68,0.81089,3900.0,850.0
4000000,843.562,-5690.85,9231.84,-2468.13,54.4104,-2446.51,-7536.47,-3962.54,-5573.52,-1847.74,561.849,684.31,0.835167,4000.0,850.0
4100000,865.422,-7116.74,9231.84,-2467.7,55.8204,-2452.89,-7538.11,-5723.01,-8089.08,-4214.7,-4610.74,2739.2,0.84983,4100.0,850.0
4200000,841.961,-6656.84,9231.84,-2464.69,54.3072,-2448.74,-2248.94,-8987.93,-8733.66,2523.38,-1058.98,322.689,0.828242,4200.0,850.0
4300000,812.634,-8111.12,9231.84,-2468.03,52.4156,-2462.35,-9948.25,-8536.86,-5848.25,3902.92,-3845.37,-782.668,0.81623,4300.0,850.0
4400000,872.475,-5493.1,9231.84,-2465.29,56.2753,-2440.67,-284.099,-8533.22,-7661.99,-2189.76,-2649.94,733.99,0.797053,4400.0,850.0
4500000,848.164,-5758.57,9231.84,-2466.99,54.7073,-2445.47,-5021.52,-7307.7,-4946.48,-439.362,-4250.88,-4188.93,0.800175,4500.0,850.0
4600000,810.72,-7799.28,9231.84,-2466.39,52.2921,-2459.03,-11576.7,-6715.36,-5105.79,3849.02,-2714.79,-1467.92,0.817197,4600.0,850.0
4700000,826.292,-5793.89,9231.84,-2463.87,53.2965,-2443.95,-9374.71,-4219.0,-3787.94,-1335.83,-316.043,3576.9,0.808546,4700.0,850.0
4800000,862.157,-5186.97,9231.84,-2465.5,55.6098,-2439.78,-8148.33,-3455.15,-3957.43,-5103.35,4296.42,1855.14,0.801228,4800.0,850.0
4900000,860.545,-7129.43,9231.84,-2465.21,55.5059,-2450.78,-4154.88,-6215.36,-11018.1,-4299.41,-2594.43,-1382.63,0.796185,4900.0,850.0
5000000,843.311,-7587.5,9231.84,-2468.19,54.3942,-2457.51,-5298.44,-9796.9,-7667.17,-1706.43,825.334,691.907,0.790901,5000.0,850.0
5100000,822.346,-2716.34,9231.84,-2459.53,53.042,-2422.14,-5930.43,145.404,-2364.01,2333.81,2247.94,-1440.52,0.777058,5100.0,850.0
5200000,848.001,-6452.15,9231.84,-2466.33,54.6967,-2448.81,-7686.17,-6108.91,-5561.36,2160.4,788.071,2285.25,0.762881,5200.0,850.0
5300000,793.451,-5616.74,9231.84,-2465.57,51.1782,-2446.76,-3666.06,-4538.12,-8646.04,-1217.54,-1960.72,-1289.39,0.749929,5300.0,850.0
5400000,871.729,-7815.54,9231.84,-2472.81,56.2272,-2461.62,-8866.41,-8701.95,-5878.25,-2126.48,1585.36,-1816.0,0.742435,5400.0,850.0
5500000,817.589,-5732.45,9231.84,-2465.75,52.7352,-2446.04,-5128.23,-3762.86,-8306.26,-1678.07,2933.28,1897.89,0.733861,5500.0,850.0
5600000,827.864,-3989.32,9231.84,-2462.49,53.3979,-2432.08,-9216.34,-4774.77,2023.15,2040.44,3663.7,-1778.89,0.727267,5600.0,850.0
5700000,892.416,-6138.49,9231.84,-2463.8,57.5616,-2441.61,-8280.04,-6326.36,-3809.05,-2159.98,89.1025,-1084.23,0.719156,5700.0,850.0
5800000,790.114,-7774.76,9231.84,-2469.24,50.963,-2463.08,-5170.48,-10051.2,-8102.6,1164.23,560.271,907.473,0.713949,5800.0,850.0
5900000,870.87,-8401.92,9231.84,-2472.5,56.1718,-2464.74,-10317.2,-8409.87,-6478.63,-3155.69,-335.264,4307.27,0.717434,5900.0,850.0
6000000,905.147,-7389.4,9231.84,-2470.11,58.3827,-2454.3,-9004.73,-6323.24,-6840.22,-1351.04,593.167,2037.19,0.717665,6000.0,850.0
6100000,843.415,-5123.62,9231.84,-2466.5,54.4009,-2441.62,-8347.36,-4596.94,-2426.55,-1916.52,2321.65,-1480.87,0.720665,6100.0,850.0
6200000,768.564,-5916.31,9231.84,-2467.79,49.573,-2452.31,-3727.63,-10616.4,-3404.88,-3747.12,686.101,-1245.57,0.719419,6200.0,850.0
6300000,899.554,-5365.6,9231.84,-2466.79,58.0219,-2439.68,-5011.76,-9149.56,-1935.46,-2537.44,2610.91,-667.799,0.713673,6300.0,850.0
6400000,872.636,-6345.57,9231.84,-2468.63,56.2857,-2448.91,-6387.73,-3461.12,-9187.85,-888.536,-241.52,-3250.51,0.704961,6400.0,850.0
6500000,844.799,-6813.51,9231.84,-2465.41,54.4902,-2450.18,-9715.42,-8080.14,-2644.98,2952.74,-1746.37,-712.068,0.704673,6500.0,850.0
6600000,836.516,-7810.77,9231.84,-2467.94,53.956,-2458.99,-12604.5,-3465.93,-7361.84,3982.21,1714.2,765.33,0.695799,6600.0,850.0
6700000,849.735,-8589.67,9231.84,-2470.52,54.8086,-2465.21,-5755.71,-13548.8,-6464.48,1010.53,-2210.46,3724.83,0.693219,6700.0,850.0
6800000,821.388,-8340.49,9231.84,-2469.34,52.9802,-2464.42,-10931.4,-6003.98,-8086.09,-39.3607,1811.91,84.5674,0.687201,6800.0,850.0
6900000,889.358,-6741.96,9231.84,-2469.91,57.3643,-2451.4,-7436.24,-3758.85,-9030.78,-2082.69,-1387.24,-1148.69,0.6804,6900.0,850.0
7000000,831.436,-6648.03,9231.84,-2464.77,53.6283,-2449.45,-8081.38,-7308.67,-4554.05,-559.804,1335.92,-1342.11,0.672537,7000.0,850.0
7100000,866.848,-5375.16,9231.84,-2468.42,55.9124,-2443.48,-2746.02,-4217.89,-9161.56,-303.713,1621.86,-1856.66,0.692961,7100.0,850.0
7200000,849.071,-6984.99,9231.84,-2463.93,54.7658,-2449.41,-9692.44,-4998.45,-6264.07,2750.65,2758.53,-5527.03,0.717258,7200.0,850.0
7300000,886.58,-8727.16,9231.84,-2466.53,57.1851,-2459.63,-7756.45,-11389.4,-7035.63,-2781.23,-315.611,599.135,0.734882,7300.0,850.0
7400000,848.23,-8341.48,9231.84,-2470.28,54.7115,-2463.63,-9225.66,-8513.81,-7284.98,-5506.86,1618.08,3282.33,0.744702,7400.0,850.0
7500000,861.888,-6497.55,9231.84,-2468.16,55.5925,-2450.0,-4165.57,-5769.32,-9557.75,-2119.24,1699.21,-848.451,0.787168,7500.0,850.0
7600000,851.605,-6407.55,9231.84,-2464.49,54.9292,-2446.48,-6820.01,-2866.33,-9536.32,-1491.68,-744.72,626.216,0.815037,7600.0,850.0
7700000,876.707,-4326.09,9231.84,-2461.92,56.5483,-2430.29,-5224.41,-1532.09,-6221.77,3100.41,615.425,-1776.67,0.804818,7700.0,850.0
7800000,910.113,-3807.3,9231.84,-2464.34,58.7031,-2427.58,-3022.19,-4946.6,-3453.12,121.62,-2987.89,-221.645,0.806359,7800.0,850.0
7900000,835.281,-6808.21,9231.84,-2465.71,53.8763,-2451.06,-6523.39,-6548.09,-7353.15,-2710.05,-5052.64,-1420.76,0.800227,7900.0,850.0
8000000,854.934,-4030.82,9231.84,-2463.04,55.1439,-2431.13,-1943.56,-8025.27,-2123.63,-821.654,-2299.5,-2253.85,0.792121,8000.0,850.0
8100000,837.742,-3598.1,9231.84,-2461.87,54.0351,-2428.57,-569.766,-1378.57,-8845.96,4110.67,93.7031,8757.05,0.785862,8100.0,850.0
8200000,829.415,-4908.64,9231.84,-2466.25,53.4979,-2441.04,-5842.53,-5224.64,-3658.74,-3253.5,259.286,-400.962,0.785872,8200.0,850.0
8300000,815.746,-6347.46,9231.84,-2469.25,52.6163,-2453.21,-519.689,-6901.53,-11621.2,-1049.68,3011.76,1099.6,0.780697,8300.0,850.0
8400000,766.984,-7597.39,9231.84,-2465.6,49.4711,-2459.9,-9446.84,-8007.4,-5337.92,-1104.97,-2215.62,1395.54,0.773655,8400.0,850.0
8500000,870.153,-3839.97,9231.84,-2463.85,56.1256,-2429.85,-1611.53,-1403.43,-8504.96,2416.7,-4064.2,-332.39,0.767006,8500.0,850.0
8600000,840.03,-7262.52,9231.84,-2467.38,54.1826,-2455.05,-7606.82,-6388.38,-7792.35,1214.9,-4541.16,-801.382,0.761834,8600.0,850.0
8700000,826.61,-8658.18,9231.84,-2468.39,53.317,-2464.96,-6920.72,-7225.52,-11828.3,1651.82,388.188,2807.56,0.769789,8700.0,850.0
8800000,868.657,-8102.66,9231.84,-2470.22,56.0291,-2460.88,-7094.91,-2938.92,-14274.2,2779.26,-1052.08,-2383.42,0.767599,8800.0,850.0
8900000,824.766,-6651.73,9231.84,-2469.2,53.1981,-2454.33,-9936.92,-7730.06,-2288.22,65.6825,-4109.1,-1751.78,0.773637,8900.0,850.0
9000000,852.569,-5886.89,9231.84,-2463.38,54.9914,-2442.31,-5612.6,-3241.61,-8806.47,472.477,2520.6,-12.8457,0.776771,9000.0,850.0
9100000,858.035,-6151.8,9231.84,-2466.61,55.3439,-2446.71,-4880.29,-6297.28,-7277.82,-1432.54,-3626.73,2312.62,0.771513,9100.0,850.0
9200000,873.549,-7780.24,9231.84,-2467.21,56.3446,-2455.7,-5146.95,-6823.24,-11370.5,1600.03,-1314.57,-4249.47,0.766638,9200.0,850.0
9300000,847.617,-6221.12,9231.84,-2464.98,54.672,-2446.16,-5638.78,-5965.83,-7058.74,1246.51,-1789.94,1449.1,0.77395,9300.0,850.0
9400000,863.934,-6875.15,9231.84,-2463.66,55.7245,-2447.55,-8544.26,-10565.8,-1515.38,2129.69,-389.937,-220.332,0.779535,9400.0,850.0
9500000,859.878,-4084.11,9231.84,-2464.56,55.4628,-2432.63,-7334.45,-2339.35,-2578.53,-41.9403,1773.01,-3379.26,0.774402,9500.0,850.0
9600000,812.555,-4953.88,9231.84,-2459.75,52.4105,-2435.89,-2339.87,-7124.72,-5397.07,1686.03,-2493.43,1509.85,0.769551,9600.0,850.0
9700000,855.074,-3319.27,9231.84,-2461.03,55.1529,-2425.01,-3193.41,-6275.91,-488.493,1270.34,-3194.14,1522.17,0.761222,9700.0,850.0
9800000,829.043,-6868.54,9231.84,-2469.55,53.474,-2455.65,-4262.7,-9939.87,-6403.05,794.072,2296.11,1685.36,0.756698,9800.0,850.0
9900000,884.362,-5345.49,9231.84,-2464.78,57.0421,-2438.54,-8269.51,-2503.63,-5263.33,4082.0,-1579.74,660.533,0.764251,9900.0,850.0
10000000,882.905,-5900.75,9231.84,-2464.62,56.9481,-2441.67,-6356.66,-4142.1,-7203.5,160.078,325.113,292.81,0.754387,10000.0,850.0
