TimeStep,temp,pressure,vol,pe,ke,enthalpy,pxx,pyy,pzz,pxy,pxz,pyz,visc,time,hold_temp
0,648.893,-1670.32,10658.9,-2825.81,41.8541,-2795.07,-3798.19,-172.006,-1040.76,-2907.63,-567.846,146.403,0.00174164,0.0,650.0
100000,662.523,241.191,10658.9,-2821.46,42.7333,-2777.12,-627.885,2620.33,-1268.87,-5119.99,2403.94,-1238.81,2.11719,100.0,650.0
200000,629.765,-337.765,10658.9,-2824.9,40.6204,-2786.53,-1645.3,2842.9,-2210.9,-2369.08,1538.04,-596.674,2.70748,200.0,650.0
300000,638.025,-1276.66,10658.9,-2825.03,41.1531,-2792.37,-3737.98,1855.47,-1947.47,-2703.94,2660.66,-601.781,2.92516,300.0,650.0
400000,668.144,288.771,10658.9,-2823.62,43.0959,-2778.6,666.407,-1494.66,1694.56,-3884.46,1291.04,174.551,3.10619,400.0,650.0
500000,636.091,-632.347,10658.9,-2823.46,41.0284,-2786.63,914.728,-1787.55,-1024.22,-2236.64,-977.122,1721.89,3.29164,500.0,650.0
600000,664.212,-1702.62,10658.9,-2826.22,42.8422,-2794.7,-71.4606,-2466.52,-2569.88,-2205.51,-2155.35,-595.421,3.56397,600.0,650.0
700000,677.472,-598.318,10658.9,-2824.83,43.6975,-2785.11,-2552.01,-976.916,1733.98,-3097.81,-2283.86,-661.474,3.79054,700.0,650.0
800000,685.404,-1318.08,10658.9,-2827.15,44.2091,-2791.71,-3160.46,2040.3,-2834.08,-2213.94,-1711.02,-639.253,3.95452,800.0,650.0
900000,665.773,-1537.39,10658.9,-2824.14,42.9429,-2791.42,-5235.24,2280.55,-1657.46,-1715.9,-2195.97,579.921,4.10572,900.0,650.0
1000000,648.787,-329.17,10658.9,-2823.59,41.8473,-2783.93,-3370.46,2310.61,72.3408,-3840.44,-3418.94,-363.163,4.20721,1000.0,650.0
1100000,661.382,-2489.19,10658.9,-2827.5,42.6597,-2801.4,-2376.62,-1713.38,-3377.56,-2374.45,-3531.71,978.269,4.2925,1100.0,650.0
1200000,639.908,-1110.5,10658.9,-2825.21,41.2746,-2791.32,-1758.05,55.1205,-1628.56,-1938.57,-2297.5,673.358,4.36007,1200.0,650.0
1300000,653.217,-1322.3,10658.9,-2825.69,42.133,-2792.35,-1816.52,-2733.58,583.196,-3230.02,-1594.61,330.162,4.42432,1300.0,650.0
1400000,645.98,-287.189,10658.9,-2825.24,41.6662,-2785.48,-1089.33,866.046,-638.28,-1940.81,-781.912,-311.848,4.46802,1400.0,650.0
1500000,627.164,-1675.55,10658.9,-2827.69,40.4526,-2798.39,-4918.76,-696.746,588.861,-3726.11,-845.213,-1997.67,4.50289,1500.0,650.0
1600000,629.896,-1639.27,10658.9,-2826.71,40.6288,-2796.99,-5381.81,-990.019,1454.03,-2398.31,-851.794,1089.2,4.54224,1600.0,650.0
1700000,645.077,-1692.71,10658.9,-2828.26,41.608,-2797.91,-3779.11,2265.2,-3564.24,-2322.94,-1590.89,-1322.31,4.57301,1700.0,650.0
1800000,658.951,-1522.09,10658.9,-2825.64,42.5029,-2793.26,-4047.67,-1466.98,948.389,-3947.34,-832.939,841.607,4.59985,1800.0,650.0
1900000,615.069,-28.0121,10658.9,-2822.04,39.6725,-2782.56,1527.82,488.215,-2100.07,-3755.43,-3215.97,165.561,4.62603,1900.0,650.0
2000000,625.129,-892.341,10658.9,-2825.37,40.3213,-2790.98,-1873.63,914.879,-1718.27,-3611.6,256.037,-463.584,4.6535,2000.0,650.0
2100000,660.9,-376.541,10658.9,-2822.84,42.6286,-2782.71,-655.94,331.392,-805.076,-343.824,-714.354,-1964.64,4.68571,2100.0,650.0
2200000,639.808,-1903.57,10658.9,-2825.24,41.2681,-2796.64,-4543.86,-42.7349,-1124.13,-1500.87,32.6048,379.66,4.71151,2200.0,650.0
2300000,664.94,-2089.72,10658.9,-2828.33,42.8892,-2799.34,-4020.61,-1442.26,-806.303,-2714.29,-2646.23,-1410.35,4.72865,2300.0,650.0
2400000,709.202,363.066,10658.9,-2825.24,45.7441,-2777.08,40.525,156.175,892.496,-1532.99,-1519.79,-106.83,4.73253,2400.0,650.0
2500000,624.471,-844.352,10658.9,-2824.31,40.2789,-2789.65,-2387.98,1309.36,-1454.43,-4785.43,-1126.48,-1397.2,4.74303,2500.0,650.0
2600000,670.4,255.232,10658.9,-2824.51,43.2413,-2779.57,-3125.6,3295.2,596.093,-4380.47,-742.067,-512.616,4.76773,2600.0,650.0
2700000,658.703,-1470.85,10658.9,-2823.42,42.4869,-2790.71,-5734.94,631.592,690.796,-4557.87,-2872.07,-417.989,4.78076,2700.0,650.0
2800000,654.623,-467.352,10658.9,-2822.26,42.2237,-2783.15,-2731.81,2043.04,-713.288,-3091.78,-727.915,868.628,4.78816,2800.0,650.0
2900000,709.772,-1083.58,10658.9,-2826.0,45.7809,-2787.43,-3775.91,745.896,-220.724,-3170.39,-750.679,180.062,4.79804,2900.0,650.0
3000000,669.051,-328.908,10658.9,-2825.42,43.1543,-2784.45,-3620.87,1344.8,1289.35,-1427.47,667.612,-1252.72,4.81491,3000.0,650.0
3100000,645.913,-2048.91,10658.9,-2824.99,41.6619,-2796.96,-2704.92,1518.0,-4959.8,-2640.71,632.238,-561.709,4.82163,3100.0,650.0
3200000,683.919,-740.575,10658.9,-2826.91,44.1134,-2787.73,-3254.51,263.418,769.37,-2976.45,-225.083,409.195,4.82976,3200.0,650.0
3300000,633.805,-1712.86,10658.9,-2824.58,40.8809,-2795.09,-4428.68,1563.59,-2273.49,-3862.41,-1094.27,-946.961,4.83655,3300.0,650.0
3400000,649.977,-2634.51,10658.9,-2827.72,41.924,-2803.33,-4837.07,-1683.52,-1382.93,-3452.78,-976.316,-1023.08,4.84563,3400.0,650.0
3500000,617.28,797.382,10658.9,-2822.8,39.815,-2777.68,-632.45,2020.08,1004.52,-3744.87,-805.886,-267.509,4.85055,3500.0,650.0
3600000,662.238,-1984.18,10658.9,-2823.53,42.7149,-2794.02,-3371.45,857.936,-3439.02,-4081.9,-1321.31,-433.275,4.85504,3600.0,650.0
3700000,629.229,-1471.86,10658.9,-2825.0,40.5858,-2794.21,-2258.12,-1130.0,-1027.46,-3114.08,-2353.7,-2342.36,4.85774,3700.0,650.0
3800000,658.07,-1370.12,10658.9,-2828.48,42.4461,-2795.15,-3992.1,2230.37,-2348.63,-3329.14,-3526.57,-1051.14,4.86237,3800.0,650.0
3900000,628.687,-238.56,10658.9,-2822.43,40.5508,-2783.46,-1356.33,1166.1,-525.449,-2706.6,-2636.04,127.2,4.87003,3900.0,650.0
4000000,629.486,-980.358,10658.9,-2822.45,40.6024,-2788.37,-2477.64,2986.89,-3450.33,-4564.13,-912.251,391.13,4.8776,4000.0,650.0
4100000,708.402,-471.42,10658.9,-2822.99,45.6925,-2780.43,-2901.24,664.99,821.989,-3671.34,-951.632,-1289.39,4.88047,4100.0,650.0
4200000,622.423,-876.026,10658.9,-2825.35,40.1468,-2791.04,-2701.64,1376.06,-1302.49,-1720.32,-676.299,335.369,4.87006,4200.0,650.0
4300000,694.615,-1304.03,10658.9,-2823.79,44.8032,-2787.67,-5258.38,414.139,932.155,-3943.58,229.48,275.824,4.8606,4300.0,650.0
4400000,635.386,-787.287,10658.9,-2825.45,40.9829,-2789.7,-1990.32,-10.3266,-361.214,-5020.31,-1716.52,-26.6345,4.88654,4400.0,650.0
4500000,646.593,-785.492,10658.9,-2824.52,41.7058,-2788.04,-5193.82,1006.39,1830.95,-3406.97,-2051.7,-3443.2,4.94107,4500.0,650.0
4600000,640.624,-816.714,10658.9,-2826.88,41.3208,-2790.99,-1501.0,-255.179,-693.961,-3691.16,-3548.18,-1944.33,4.95763,4600.0,650.0
4700000,618.248,-2548.66,10658.9,-2826.79,39.8775,-2803.86,-3368.92,-797.36,-3479.69,-3760.96,-1623.7,-1235.78,4.99079,4700.0,650.0
4800000,653.429,-1144.4,10658.9,-2828.41,42.1467,-2793.88,-610.474,456.833,-3279.55,-2735.13,-677.187,-1243.66,5.01211,4800.0,650.0
4900000,653.503,-1077.27,10658.9,-2826.36,42.1515,-2791.37,-1177.61,-1044.43,-1009.77,-3963.58,-2243.23,-1678.84,5.03254,4900.0,650.0
5000000,640.042,-1421.75,10658.9,-2826.87,41.2832,-2795.05,-582.123,-59.9207,-3623.19,-3601.98,-1050.0,-1216.87,5.04964,5000.0,650.0
5100000,646.939,-721.234,10658.9,-2824.39,41.7281,-2787.46,76.4349,1936.71,-4176.85,-3677.97,437.572,-214.255,5.073,5100.0,650.0
5200000,643.167,232.102,10658.9,-2823.54,41.4848,-2780.51,-40.5459,353.471,383.38,-3819.22,119.52,-585.263,5.10438,5200.0,650.0
5300000,666.643,-450.412,10658.9,-2826.77,42.999,-2786.77,-4920.61,1288.44,2280.93,-2315.49,-652.868,-1530.8,5.12759,5300.0,650.0
5400000,617.138,-1537.78,10658.9,-2826.61,39.8059,-2797.04,-4224.3,1786.21,-2175.25,-3862.2,-1729.15,-1664.4,5.1429,5400.0,650.0
5500000,645.763,485.699,10658.9,-2825.64,41.6523,-2780.76,-1752.05,1608.9,1600.25,-2388.4,-1188.26,-602.984,5.14806,5500.0,650.0
5600000,627.509,-2028.05,10658.9,-2829.11,40.4749,-2802.13,-4932.4,-476.365,-675.384,-2318.43,-305.571,-2062.45,5.15991,5600.0,650.0
5700000,637.775,187.489,10658.9,-2823.58,41.137,-2781.2,-963.746,194.625,1331.59,-4490.08,-446.572,-2414.12,5.17333,5700.0,650.0
5800000,608.338,-2906.4,10658.9,-2828.6,39.2383,-2808.7,-4292.74,-1042.79,-3383.66,-4709.22,-1432.33,-2466.7,5.18795,5800.0,650.0
5900000,647.113,-1486.11,10658.9,-2826.5,41.7393,-2794.64,-3967.86,-82.2093,-408.259,-2739.6,-830.383,424.347,5.20096,5900.0,650.0
6000000,681.301,-411.891,10658.9,-2826.73,43.9444,-2785.53,-1557.63,1675.59,-1353.64,-1323.21,-260.362,-2227.91,5.21451,6000.0,650.0
6100000,686.136,152.084,10658.9,-2824.55,44.2563,-2779.28,-681.238,-2780.01,3917.51,-3634.84,-1805.08,-1491.02,5.22287,6100.0,650.0
6200000,661.326,-887.521,10658.9,-2826.27,42.656,-2789.52,-4073.74,1474.93,-63.7555,-3873.85,-2003.15,-1354.39,5.23241,6200.0,650.0
6300000,611.037,-1013.12,10658.9,-2824.34,39.4124,-2791.67,-2879.65,-139.38,-20.3344,-3150.74,-375.212,140.063,5.24056,6300.0,650.0
6400000,623.593,-759.638,10658.9,-2826.67,40.2222,-2791.5,-488.647,445.745,-2236.01,-3633.96,-1595.14,-1905.05,5.24966,6400.0,650.0
6500000,651.46,-289.432,10658.9,-2826.68,42.0197,-2786.59,-1048.45,1238.26,-1058.1,-4804.45,-1317.35,-1823.08,5.25391,6500.0,650.0
6600000,713.306,-159.765,10658.9,-2824.17,46.0088,-2779.22,-18.9396,-611.81,151.455,-508.253,-353.941,152.27,5.25942,6600.0,650.0
6700000,688.266,411.745,10658.9,-2824.96,44.3937,-2777.83,-941.78,-595.225,2772.24,-4398.11,1450.34,-1169.23,5.26518,6700.0,650.0
6800000,620.521,-1470.51,10658.9,-2827.35,40.0241,-2797.11,-3502.06,1526.0,-2435.47,-5015.6,-1144.76,-1378.85,5.27393,6800.0,650.0
6900000,660.393,-58.2308,10658.9,-2823.52,42.5959,-2781.31,-844.991,421.153,249.146,-5482.62,-1407.95,-1503.53,5.2831,6900.0,650.0
7000000,632.155,-74.4333,10658.9,-2822.92,40.7745,-2782.64,-1393.16,3219.65,-2049.79,-3875.13,1667.1,80.7632,5.28603,7000.0,650.0
7100000,637.446,-648.058,10658.9,-2823.75,41.1158,-2786.95,-2465.71,117.928,403.607,-2214.91,-1247.6,-682.893,5.28731,7100.0,650.0
7200000,627.803,-1155.13,10658.9,-2826.01,40.4938,-2793.2,-2220.2,679.781,-1924.98,-3632.45,-2783.42,-110.885,5.28854,7200.0,650.0
7300000,643.927,-715.48,10658.9,-2825.56,41.5338,-2788.79,-3144.96,1297.03,-298.508,-3544.53,-407.824,-1996.58,5.29402,7300.0,650.0
7400000,649.545,-757.697,10658.9,-2823.56,41.8962,-2786.71,1863.06,-3582.94,-553.208,-4517.41,-424.184,-2625.5,5.30787,7400.0,650.0
7500000,632.942,-2752.2,10658.9,-2827.4,40.8253,-2804.89,-4899.59,-898.983,-2458.03,-2937.51,-180.965,823.77,5.31789,7500.0,650.0
7600000,671.829,-962.436,10658.9,-2827.06,43.3335,-2790.13,-811.476,-167.814,-1908.02,-3910.47,-1994.29,151.631,5.32632,7600.0,650.0
7700000,622.614,56.6942,10658.9,-2825.56,40.1591,-2785.02,-2131.21,1977.41,323.882,-3432.83,-108.492,-546.279,5.33668,7700.0,650.0
7800000,648.196,-883.91,10658.9,-2828.41,41.8092,-2792.48,-1090.79,-1242.01,-318.929,-2563.61,-2005.81,954.508,5.33841,7800.0,650.0
7900000,672.064,-39.6341,10658.9,-2824.79,43.3487,-2781.71,-1832.74,298.982,1414.85,-3569.55,-3038.92,1140.89,5.33302,7900.0,650.0
8000000,648.951,-105.832,10658.9,-2824.25,41.8579,-2783.09,-4457.9,2483.5,1656.91,-5000.95,-1348.09,109.112,5.32622,8000.0,650.0
8100000,650.341,-213.995,10658.9,-2822.59,41.9476,-2782.07,-3393.26,1589.95,1161.33,-2580.35,-2671.71,-1890.75,5.31827,8100.0,650.0
8200000,631.232,-477.559,10658.9,-2825.21,40.715,-2787.68,-967.836,-1141.66,676.817,-2134.01,199.35,-1153.83,5.3101,8200.0,650.0
8300000,613.958,-2350.82,10658.9,-2826.81,39.6008,-2802.85,-3193.81,-3193.2,-665.444,-2025.91,-1493.04,-1226.46,5.30377,8300.0,650.0
8400000,616.792,-667.627,10658.9,-2824.25,39.7836,-2788.91,-451.455,-1499.58,-51.8477,-5364.46,-1565.74,-835.512,5.30277,8400.0,650.0
8500000,668.99,-1222.25,10658.9,-2826.91,43.1504,-2791.89,-3935.45,458.493,-189.807,-3313.17,-3790.43,1646.19,5.30985,8500.0,650.0
8600000,608.868,-1329.39,10658.9,-2826.68,39.2725,-2796.25,-4115.81,1223.81,-1096.17,-3426.88,-12.7033,-2554.57,5.30992,8600.0,650.0
8700000,612.065,-1542.54,10658.9,-2826.0,39.4787,-2796.79,-3885.57,747.707,-1489.75,-3078.0,-2839.53,-182.762,5.31285,8700.0,650.0
8800000,677.833,95.5728,10658.9,-2825.77,43.7208,-2781.41,-2094.14,1752.25,628.605,-4259.84,-1482.56,-946.081,5.31898,8800.0,650.0
8900000,667.24,67.5903,10658.9,-2823.32,43.0375,-2779.84,-3083.98,3729.72,-442.971,-5080.26,-2455.52,-39.8074,5.32785,8900.0,650.0
9000000,608.952,-2170.79,10658.9,-2827.38,39.2779,-2802.54,-5331.08,2749.78,-3931.07,-4745.66,-2517.36,120.112,5.33726,9000.0,650.0
9100000,646.241,-934.023,10658.9,-2824.78,41.6831,-2789.31,-2683.47,21.4059,-140.001,-4190.51,1451.38,-819.919,5.34051,9100.0,650.0
9200000,676.863,-2351.17,10658.9,-2828.23,43.6582,-2800.22,-2750.45,22.4045,-4325.48,-3535.98,-1969.09,-589.955,5.33827,9200.0,650.0
9300000,628.739,-713.205,10658.9,-2823.74,40.5542,-2787.93,-2463.06,1572.17,-1248.72,-5444.49,-854.117,-1649.86,5.34396,9300.0,650.0
9400000,649.289,183.872,10658.9,-2824.48,41.8797,-2781.37,-54.5171,279.712,326.42,-3422.29,-1275.03,-952.334,5.35016,9400.0,650.0
9500000,644.343,-1082.92,10658.9,-2827.63,41.5606,-2793.27,-4864.44,297.441,1318.25,-2773.91,-1823.3,-489.656,5.35431,9500.0,650.0
9600000,618.998,-1719.38,10658.9,-2826.5,39.9258,-2798.01,-3221.4,740.676,-2677.42,-5618.53,-2880.48,175.659,5.36209,9600.0,650.0
9700000,633.145,-1067.94,10658.9,-2825.49,40.8383,-2791.76,-2205.3,459.062,-1457.58,-4251.7,-2008.41,-2648.14,5.36388,9700.0,650.0
9800000,652.485,-1424.56,10658.9,-2828.1,42.0858,-2795.49,-3988.06,1156.49,-1442.12,-2560.3,-1478.28,848.887,5.36694,9800.0,650.0
9900000,609.377,-8.97692,10658.9,-2825.13,39.3053,-2785.88,-2784.41,1494.43,1263.05,-3068.24,-980.428,888.664,5.37135,9900.0,650.0
10000000,629.713,-957.837,10658.9,-2826.36,40.617,-2792.11,-3984.88,-789.842,1901.21,-3174.39,-2084.35,24.0371,5.37971,10000.0,650.0
