TimeStep,temp,pressure,vol,pe,ke,enthalpy,pxx,pyy,pzz,pxy,pxz,pyz,visc,time,hold_temp
0,1237.88,541.542,9767.96,-2508.51,79.8444,-2425.37,2862.06,-751.32,-486.119,736.525,-405.964,-6052.37,0.00352221,0.0,1250.0
100000,1239.55,-3028.91,9767.96,-2511.95,79.9519,-2450.46,-3339.16,-1192.38,-4555.19,-26.5429,-1437.9,-1110.69,0.0182236,100.0,1250.0
200000,1273.7,1002.41,9767.96,-2505.07,82.1546,-2416.81,2148.92,-2735.43,3593.74,370.019,-345.639,-1328.51,0.015422,200.0,1250.0
300000,1248.98,-28.591,9767.96,-2504.28,80.5599,-2423.89,2687.64,-3977.34,1203.93,306.696,-696.681,2577.35,0.0102932,300.0,1250.0
400000,1277.42,-266.871,9767.96,-2507.9,82.3944,-2427.13,1170.84,-4901.55,2930.1,-2083.67,497.734,1235.05,0.0145196,400.0,1250.0
500000,1279.35,-1614.26,9767.96,-2511.42,82.5191,-2438.74,-1244.3,-1938.35,-1660.13,-2564.32,124.177,4320.08,0.0100133,500.0,1250.0
600000,1178.24,-507.381,9767.96,-2509.85,75.9977,-2436.95,-4145.12,3033.7,-410.723,-2797.77,-1245.36,420.013,0.00864126,600.0,1250.0
700000,1265.25,-1980.07,9767.96,-2509.68,81.6098,-2440.14,175.249,-3578.32,-2537.14,1537.58,986.069,-821.672,0.00712632,700.0,1250.0
800000,1271.71,-766.103,9767.96,-2509.76,82.0262,-2432.4,-3171.61,-2846.79,3720.09,-4474.74,686.729,-1076.88,0.00660854,800.0,1250.0
900000,1276.61,-2416.35,9767.96,-2511.3,82.3427,-2443.69,-9214.73,2497.95,-532.261,-2013.18,2011.53,835.043,0.0071662,900.0,1250.0
1000000,1307.67,-241.953,9767.96,-2504.05,84.3456,-2421.18,-2391.47,439.069,1226.54,-2049.99,4597.41,-1820.12,0.00775959,1000.0,1250.0
1100000,1249.05,-2424.3,9767.96,-2509.26,80.565,-2443.47,-2505.5,-2398.13,-2369.28,-1402.36,-1989.82,-2761.72,0.00771772,1100.0,1250.0
1200000,1165.62,-719.244,9767.96,-2508.1,75.1834,-2437.3,3376.8,-3183.34,-2351.19,2015.78,528.426,-754.271,0.00712412,1200.0,1250.0
1300000,1220.81,-1441.46,9767.96,-2508.25,78.7432,-2438.29,-1570.05,-7252.74,4498.41,1695.61,1121.47,-1998.55,0.00699509,1300.0,1250.0
1400000,1341.69,-309.989,9767.96,-2506.05,86.5404,-2421.4,-2528.27,-36.5818,1634.88,856.359,828.802,2435.53,0.00653834,1400.0,1250.0
1500000,1242.28,-3019.38,9767.96,-2510.85,80.128,-2449.13,-29.2888,-4049.7,-4979.16,-5269.1,-2419.06,475.976,0.0061869,1500.0,1250.0
1600000,1176.84,-2070.59,9767.96,-2510.39,75.9069,-2447.11,-4607.55,-1104.59,-499.633,828.032,-1520.88,-1660.1,0.00573529,1600.0,1250.0
1700000,1188.38,-3018.37,9767.96,-2508.44,76.6516,-2450.19,-2907.04,-2516.77,-3631.3,2064.48,827.412,-6206.67,0.00548706,1700.0,1250.0
1800000,1217.42,-1626.71,9767.96,-2510.31,78.5246,-2441.7,-2455.21,-2433.0,8.09376,925.272,-4318.1,600.609,0.00516725,1800.0,1250.0
1900000,1230.15,2233.16,9767.96,-2498.44,79.346,-2405.48,3882.92,201.114,2615.43,-3853.74,-1195.26,-1632.12,0.00556786,1900.0,1250.0
2000000,1257.19,-2148.19,9767.96,-2510.12,81.09,-2442.13,507.857,-6956.7,4.28224,-406.302,3370.82,183.545,0.00629674,2000.0,1250.0
2100000,1268.47,2509.55,9767.96,-2499.86,81.8175,-2402.74,6700.68,-1610.77,2438.75,-2078.55,-4.08416,-2773.37,0.00592315,2100.0,1250.0
2200000,1359.11,286.796,9767.96,-2506.6,87.6636,-2417.19,-635.785,-734.682,2230.86,-790.299,5660.8,-1948.93,0.00559065,2200.0,1250.0
2300000,1245.87,3368.19,9767.96,-2499.41,80.3596,-2398.51,5198.16,6749.56,-1843.15,-1741.99,1045.44,-5207.68,0.00515717,2300.0,1250.0
2400000,1218.43,-2288.58,9767.96,-2511.15,78.5897,-2446.52,-7286.96,-2271.52,2692.73,132.833,-3720.92,618.944,0.00512677,2400.0,1250.0
2500000,1275.9,-3484.09,9767.96,-2508.8,82.2967,-2447.75,-2816.16,-3384.37,-4251.75,213.228,605.176,155.843,0.0052652,2500.0,1250.0
2600000,1263.12,-3200.85,9767.96,-2511.06,81.4725,-2449.1,-2023.5,-4274.99,-3304.05,-2052.75,-1078.66,-1621.36,0.00512905,2600.0,1250.0
2700000,1300.77,1155.76,9767.96,-2504.36,83.9008,-2413.41,2222.38,-374.251,1619.16,-400.547,404.134,1466.51,0.00508028,2700.0,1250.0
2800000,1300.45,2528.94,9767.96,-2501.69,83.8803,-2402.39,4873.67,-1877.71,4590.86,830.821,-272.412,-146.204,0.00479584,2800.0,1250.0
2900000,1263.0,-2235.51,9767.96,-2509.68,81.4646,-2441.84,146.912,-114.2,-6739.24,832.841,-1406.29,4307.01,0.00443828,2900.0,1250.0
3000000,1335.1,-1650.06,9767.96,-2511.48,86.1152,-2435.43,-28.5772,-4212.93,-708.686,-1468.95,-1470.88,1208.57,0.00450955,3000.0,1250.0
3100000,1248.92,-1471.67,9767.96,-2508.73,80.5567,-2437.15,-229.025,1687.66,-5873.66,-360.02,4248.4,656.415,0.00441613,3100.0,1250.0
3200000,1334.54,-155.226,9767.96,-2503.35,86.0792,-2418.22,1009.45,-1444.85,-30.28,-344.676,2312.28,5499.0,0.00445432,3200.0,1250.0
3300000,1178.76,-1102.5,9767.96,-2503.17,76.0308,-2433.86,-5046.42,-830.838,2569.76,-836.271,14.8913,-633.016,0.00439171,3300.0,1250.0
3400000,1242.16,-3425.4,9767.96,-2510.47,80.1204,-2451.23,-4034.79,-3760.7,-2480.71,-4091.51,3797.44,2450.82,0.00432401,3400.0,1250.0
3500000,1327.28,-898.023,9767.96,-2508.94,85.6106,-2428.81,560.647,-1234.03,-2020.68,-930.494,-325.914,632.847,0.00428917,3500.0,1250.0
3600000,1313.0,-955.764,9767.96,-2507.68,84.6893,-2428.82,-780.95,1986.58,-4072.93,45.1377,1383.02,1323.63,0.00483594,3600.0,1250.0
3700000,1266.73,1324.45,9767.96,-2508.22,81.705,-2418.44,2718.28,1391.24,-136.161,5140.27,442.781,4129.18,0.00515447,3700.0,1250.0
3800000,1235.56,-216.547,9767.96,-2510.15,79.6946,-2431.77,-204.016,-1688.11,1242.49,-1484.02,-38.4017,982.423,0.00501301,3800.0,1250.0
3900000,1264.58,-1046.18,9767.96,-2511.51,81.5665,-2436.32,-4739.49,2654.27,-1053.32,185.317,348.716,3407.35,0.00552401,3900.0,1250.0
4000000,1229.56,314.958,9767.96,-2502.89,79.3078,-2421.66,378.586,588.774,-22.4851,1179.52,3689.5,-1192.77,0.00551698,4000.0,1250.0
4100000,1265.06,-2193.41,9767.96,-2511.6,81.5973,-2443.37,-3459.49,-2623.49,-497.247,-447.493,-7.95271,122.821,0.00587083,4100.0,1250.0
4200000,1155.2,-14.3603,9767.96,-2506.05,74.5113,-2431.63,3331.97,-2489.52,-885.531,1894.48,589.793,195.055,0.00582815,4200.0,1250.0
4300000,1212.53,724.48,9767.96,-2502.75,78.2089,-2420.12,1723.07,1261.61,-811.242,362.608,-409.093,1399.6,0.00584746,4300.0,1250.0
4400000,1313.07,2914.05,9767.96,-2500.58,84.6939,-2398.12,5169.15,-956.788,4529.8,-873.507,971.072,-4224.08,0.00569822,4400.0,1250.0
4500000,1233.49,771.318,9767.96,-2503.48,79.561,-2419.21,3636.99,-1208.63,-114.402,-1423.54,732.457,-1647.94,0.00628969,4500.0,1250.0
4600000,1189.25,-2137.15,9767.96,-2502.56,76.7075,-2438.88,4214.49,-2904.63,-7721.31,-1713.95,191.393,2491.64,0.00596864,4600.0,1250.0
4700000,1215.59,823.763,9767.96,-2502.18,78.4066,-2418.75,1589.01,-1779.6,2661.88,-3887.86,1387.81,-1510.03,0.00602217,4700.0,1250.0
4800000,1186.06,-170.538,9767.96,-2509.26,76.5017,-2433.79,-5306.1,640.738,4153.74,1620.29,-2249.06,1012.68,0.00583733,4800.0,1250.0
4900000,1225.87,-1148.12,9767.96,-2508.47,79.0696,-2436.4,-1349.57,-363.543,-1731.25,2259.27,-3727.61,2420.98,0.00580989,4900.0,1250.0
5000000,1260.83,-1870.19,9767.96,-2510.97,81.3243,-2441.05,-2717.34,-3173.17,279.929,2149.61,-3768.26,-231.943,0.00563968,5000.0,1250.0
5100000,1222.69,-1832.82,9767.96,-2508.89,78.8643,-2441.2,-1965.61,-2087.87,-1444.97,-1549.27,-941.01,3536.93,0.00586221,5100.0,1250.0
5200000,1210.72,-2920.78,9767.96,-2515.12,78.0922,-2454.84,446.997,-6593.5,-2615.82,-178.315,1779.08,1106.58,0.00602561,5200.0,1250.0
5300000,1229.53,162.827,9767.96,-2501.74,79.3054,-2421.44,1940.49,-4627.75,3175.74,-1787.02,-3468.07,-1394.72,0.00600597,5300.0,1250.0
5400000,1259.48,-679.029,9767.96,-2505.54,81.2374,-2428.44,-519.924,2168.89,-3686.06,-2692.99,-2190.7,-3019.82,0.00598241,5400.0,1250.0
5500000,1265.03,1984.36,9767.96,-2498.48,81.5952,-2404.79,1161.76,1908.76,2882.55,-26.8763,1040.02,-286.553,0.00592629,5500.0,1250.0
5600000,1239.59,-2369.67,9767.96,-2508.72,79.9544,-2443.21,-6055.46,5137.15,-6190.72,-1769.66,3274.53,-1726.8,0.00588642,5600.0,1250.0
5700000,1128.12,-1240.22,9767.96,-2508.63,72.7646,-2443.43,-542.188,-2182.94,-995.536,-452.293,-2777.11,2329.06,0.00586086,5700.0,1250.0
5800000,1235.85,-4829.19,9767.96,-2515.2,79.7134,-2464.93,-4917.99,-8145.41,-1424.16,-3744.56,873.777,-4008.44,0.00599735,5800.0,1250.0
5900000,1216.07,-1527.75,9767.96,-2507.1,78.4375,-2437.98,-3377.74,-4764.74,3559.23,-1607.26,1483.56,-1266.72,0.00597353,5900.0,1250.0
6000000,1282.13,2062.31,9767.96,-2507.07,82.6987,-2411.8,4299.8,-4266.17,6153.3,1557.02,-1322.02,-726.185,0.00596953,6000.0,1250.0
6100000,1292.79,-1572.86,9767.96,-2511.01,83.3861,-2437.21,-1242.71,-5312.64,1836.76,-913.757,401.322,2454.9,0.00595274,6100.0,1250.0
6200000,1247.56,-2149.6,9767.96,-2513.03,80.4687,-2445.67,-2810.48,-1004.93,-2633.4,-3123.59,2337.26,597.213,0.00590296,6200.0,1250.0
6300000,1340.9,1648.3,9767.96,-2501.64,86.4889,-2405.11,3557.29,86.1939,1301.43,3212.57,-1082.38,-1844.75,0.00591642,6300.0,1250.0
6400000,1288.81,437.796,9767.96,-2501.37,83.1292,-2415.57,2184.65,497.553,-1368.82,-2649.88,1966.0,3244.31,0.00576833,6400.0,1250.0
6500000,1186.45,-1072.36,9767.96,-2506.93,76.527,-2436.94,-1617.21,264.702,-1864.59,1178.66,544.71,3875.41,0.00570941,6500.0,1250.0
6600000,1239.98,325.127,9767.96,-2507.92,79.9797,-2425.96,5443.08,-3585.18,-882.526,3337.28,734.769,-732.19,0.00567818,6600.0,1250.0
6700000,1216.23,-1602.1,9767.96,-2506.84,78.448,-2438.16,-19.8456,-4453.31,-333.127,-1482.71,1296.21,-903.439,0.00566964,6700.0,1250.0
6800000,1252.42,-2077.68,9767.96,-2512.04,80.7823,-2443.92,-1261.74,-2056.09,-2915.21,-4081.89,-449.271,-942.728,0.00560223,6800.0,1250.0
6900000,1258.89,-2527.11,9767.96,-2512.06,81.1992,-2446.27,-5419.53,-2323.46,161.672,-2517.8,-3610.23,-1219.84,0.00553945,6900.0,1250.0
7000000,1173.29,-1133.09,9767.96,-2510.3,75.6779,-2441.53,-5762.94,-1590.54,3954.21,3926.49,-698.944,3727.25,0.00574587,7000.0,1250.0
7100000,1284.21,230.83,9767.96,-2508.47,82.8328,-2424.23,4681.48,325.747,-4314.74,-1665.53,-6406.55,2117.87,0.00581864,7100.0,1250.0
7200000,1231.39,-810.042,9767.96,-2506.92,79.4257,-2432.43,4867.41,-2723.36,-4574.17,-3724.0,-2257.67,-543.714,0.00603463,7200.0,1250.0
7300000,1286.58,28.7046,9767.96,-2508.5,82.9858,-2425.33,-366.021,-13.979,466.114,-947.51,-2732.13,878.005,0.0061988,7300.0,1250.0
7400000,1258.15,-3327.45,9767.96,-2511.22,81.152,-2450.35,-2391.53,-3225.03,-4365.79,-3135.52,-1435.98,-1474.98,0.00609357,7400.0,1250.0
7500000,1256.04,-2873.8,9767.96,-2509.12,81.0153,-2445.63,-5184.31,-6341.89,2904.79,-176.659,-67.6752,934.643,0.00609409,7500.0,1250.0
7600000,1309.1,26.8996,9767.96,-2507.32,84.4379,-2422.72,3620.48,217.025,-3756.8,-2568.75,2406.86,-1146.51,0.00617297,7600.0,1250.0
7700000,1210.15,-1073.79,9767.96,-2506.84,78.0558,-2435.33,-1545.95,-131.139,-1544.29,462.464,-1581.17,-1565.37,0.00609603,7700.0,1250.0
7800000,1308.92,-1005.87,9767.96,-2501.86,84.4261,-2423.57,-3364.86,1793.01,-1445.75,-502.14,2271.71,4569.45,0.00608863,7800.0,1250.0
7900000,1322.44,2239.26,9767.96,-2507.12,85.2982,-2408.17,2636.3,4820.65,-739.173,-1440.59,-182.319,2100.83,0.00608744,7900.0,1250.0
8000000,1251.97,2079.99,9767.96,-2499.5,80.7533,-2406.07,-1799.38,4684.83,3354.51,-3306.35,-1952.7,-232.43,0.00622162,8000.0,1250.0
8100000,1260.61,712.239,9767.96,-2510.77,81.3104,-2425.12,1964.6,633.947,-461.836,154.224,3111.44,3069.21,0.00619197,8100.0,1250.0
8200000,1267.62,-990.389,9767.96,-2508.08,81.7622,-2432.36,-2055.83,-3317.77,2402.43,4739.47,1509.54,2911.64,0.00616153,8200.0,1250.0
8300000,1360.12,1377.69,9767.96,-2506.87,87.7287,-2410.75,-3512.65,3505.57,4140.16,-850.505,-868.152,2012.72,0.00622487,8300.0,1250.0
8400000,1196.96,-1377.91,9767.96,-2504.39,77.2052,-2435.58,330.457,-1171.33,-3292.85,-661.057,711.835,-387.038,0.0061841,8400.0,1250.0
8500000,1249.02,-1303.6,9767.96,-2508.27,80.5628,-2435.65,4063.79,-3486.07,-4488.51,2413.5,-5404.88,1726.03,0.00629199,8500.0,1250.0
8600000,1240.94,-1452.69,9767.96,-2511.67,80.0417,-2440.48,-1185.23,-1747.36,-1425.47,6660.58,-1311.8,-1738.28,0.00632693,8600.0,1250.0
8700000,1293.31,-2097.76,9767.96,-2511.87,83.4197,-2441.24,-2457.34,631.032,-4466.96,1935.39,-949.626,-1256.91,0.00628024,8700.0,1250.0
8800000,1261.55,162.21,9767.96,-2506.13,81.3711,-2423.77,-2443.37,3435.81,-505.815,-1586.24,-2717.79,-970.453,0.0063516,8800.0,1250.0
8900000,1295.8,201.42,9767.96,-2508.89,83.5801,-2424.08,125.629,-1384.04,1862.67,-1056.98,-1243.83,-1233.62,0.00631605,8900.0,1250.0
9000000,1211.23,-719.306,9767.96,-2510.02,78.1254,-2436.28,1031.48,-1124.09,-2065.31,4182.92,-22.2952,3121.25,0.00630688,9000.0,1250.0
9100000,1266.4,1305.99,9767.96,-2505.8,81.6836,-2416.15,2051.55,6170.23,-4303.81,1546.24,2548.81,-2246.85,0.00638224,9100.0,1250.0
9200000,1292.61,230.102,9767.96,-2506.3,83.3745,-2421.52,5333.82,-3807.41,-836.113,-836.231,-870.648,3772.25,0.00635813,9200.0,1250.0
9300000,1242.39,-1627.63,9767.96,-2506.54,80.1349,-2436.32,293.04,-5238.43,62.4946,1947.52,2565.0,-3046.75,0.00636501,9300.0,1250.0
9400000,1234.7,-1359.81,9767.96,-2505.15,79.6394,-2433.8,-1394.45,2253.97,-4938.96,-4010.97,-1017.27,492.028,0.00637776,9400.0,1250.0
9500000,1273.48,246.157,9767.96,-2507.07,82.1403,-2423.43,707.76,-1226.77,1257.48,1782.08,3206.42,-1224.71,0.00635974,9500.0,1250.0
9600000,1215.62,2682.28,9767.96,-2502.82,78.4084,-2408.05,1676.33,-254.021,6624.53,2356.99,-385.4,211.124,0.00635904,9600.0,1250.0
9700000,1202.23,240.32,9767.96,-2505.47,77.5447,-2426.46,408.772,-1151.06,1463.24,-347.086,-1533.32,989.194,0.0063174,9700.0,1250.0
9800000,1239.5,-2809.72,9767.96,-2508.76,79.9486,-2445.94,156.787,-8489.53,-96.408,-86.0136,2802.12,514.87,0.00624462,9800.0,1250.0
9900000,1289.64,-1248.99,9767.96,-2510.71,83.1829,-2435.14,-2172.78,487.387,-2061.58,-265.805,1482.03,-112.944,0.00642278,9900.0,1250.0
10000000,1276.59,824.168,9767.96,-2505.17,82.3409,-2417.8,1998.0,1821.26,-1346.75,3854.52,3749.01,-435.229,0.00651257,10000.0,1250.0
