TimeStep,temp,pressure,vol,pe,ke,enthalpy,pxx,pyy,pzz,pxy,pxz,pyz,visc,time,hold_temp
0,1271.72,-283.566,9207.65,-2362.44,82.0269,-2282.04,1582.53,-3625.99,1192.76,-1209.94,-3752.25,6261.52,0.00468118,0.0,1300.0
100000,1209.83,1751.54,9207.65,-2355.25,78.0348,-2267.15,1934.24,4557.63,-1237.24,129.9,2882.96,8562.38,-0.0153151,100.0,1300.0
200000,1219.12,713.04,9207.65,-2355.64,78.6343,-2272.91,-3198.55,2971.48,2366.18,3511.42,1462.44,2808.83,-0.00147377,200.0,1300.0
300000,1310.22,5164.58,9207.65,-2351.54,84.5104,-2237.35,829.716,10971.8,3692.2,-401.134,-44.5438,-948.585,0.00527147,300.0,1300.0
400000,1223.15,387.172,9207.65,-2351.73,78.8944,-2270.61,-4476.77,8025.5,-2387.21,965.29,1888.94,-5000.17,0.00800152,400.0,1300.0
500000,1406.36,4747.23,9207.65,-2354.87,90.7116,-2236.87,7258.96,2673.8,4308.92,3747.7,-918.761,-2406.43,0.00683305,500.0,1300.0
600000,1309.88,3257.06,9207.65,-2352.89,84.4886,-2249.68,1740.79,4445.79,3584.59,9.69161,-1531.53,4255.21,0.00590688,600.0,1300.0
700000,1334.94,1532.14,9207.65,-2357.28,86.1049,-2262.37,1464.7,2617.66,514.052,329.564,-3056.17,-761.011,0.00559343,700.0,1300.0
800000,1283.48,6203.22,9207.65,-2352.54,82.7857,-2234.11,3911.74,5987.85,8710.08,3778.15,-1496.34,-1504.73,0.00561848,800.0,1300.0
900000,1293.12,790.656,9207.65,-2358.44,83.4075,-2270.49,4680.83,-4531.13,2222.27,3187.59,1405.59,-2766.69,0.00470208,900.0,1300.0
1000000,1316.52,-383.59,9207.65,-2364.49,84.9165,-2281.77,-1452.99,3522.76,-3220.54,1942.03,-3219.63,-2520.02,0.0053094,1000.0,1300.0
1100000,1248.37,-383.351,9207.65,-2361.66,80.5209,-2283.34,2725.47,-4267.87,392.347,-3302.75,6603.52,410.782,0.00509619,1100.0,1300.0
1200000,1358.03,706.54,9207.65,-2354.99,87.5941,-2263.33,1437.24,-1263.36,1945.74,-1410.15,-1787.77,-708.122,0.00466728,1200.0,1300.0
1300000,1321.7,3717.69,9207.65,-2355.85,85.2507,-2249.23,7277.03,1364.77,2511.28,-400.302,1429.08,4603.34,0.00450557,1300.0,1300.0
1400000,1343.33,-46.0464,9207.65,-2357.87,86.6457,-2271.49,-2064.16,454.915,1471.1,-1693.66,-1581.99,1461.2,0.00409661,1400.0,1300.0
1500000,1243.89,1117.76,9207.65,-2359.35,80.2322,-2272.7,3520.71,-190.525,23.0976,-1399.41,-2166.86,-1205.27,0.00412998,1500.0,1300.0
1600000,1343.93,3313.24,9207.65,-2356.03,86.6849,-2250.3,2532.15,4359.26,3048.32,3754.63,-3931.93,3025.23,0.00508168,1600.0,1300.0
1700000,1344.51,1848.85,9207.65,-2357.94,86.7221,-2260.59,3542.92,-140.785,2144.41,-2822.47,1956.38,-4201.06,0.00452869,1700.0,1300.0
1800000,1270.08,2287.8,9207.65,-2360.73,81.9213,-2265.66,7102.58,-4330.65,4091.49,926.94,-1464.78,707.184,0.00446824,1800.0,1300.0
1900000,1315.0,2445.72,9207.65,-2353.99,84.8184,-2255.12,2221.18,7644.75,-2528.78,425.752,-4871.2,67.7223,0.00409446,1900.0,1300.0
2000000,1196.34,394.945,9207.65,-2353.61,77.1647,-2274.18,-71.2811,610.662,645.454,1719.59,-5681.59,-4131.55,0.00402502,2000.0,1300.0
2100000,1304.35,33.9995,9207.65,-2358.82,84.1316,-2274.49,2247.04,-2791.43,646.386,-1939.67,1326.85,485.737,0.00424292,2100.0,1300.0
2200000,1250.93,-93.326,9207.65,-2356.72,80.6863,-2276.57,-3056.77,-1255.43,4032.22,-1536.95,-414.162,2195.64,0.00441265,2200.0,1300.0
2300000,1292.95,3073.83,9207.65,-2353.4,83.3965,-2252.33,3806.3,3639.12,1776.06,-144.231,-1942.3,4001.73,0.0044333,2300.0,1300.0
2400000,1235.66,4007.89,9207.65,-2356.46,79.7009,-2253.73,836.098,2025.26,9162.3,-1542.18,1412.02,-1012.09,0.00457974,2400.0,1300.0
2500000,1378.94,2819.11,9207.65,-2358.67,88.9425,-2253.53,1583.87,3086.03,3787.42,-260.98,2789.69,-2742.14,0.00489312,2500.0,1300.0
2600000,1302.8,1971.31,9207.65,-2357.84,84.0318,-2262.48,6209.56,485.436,-781.064,1110.04,481.914,3612.16,0.00491961,2600.0,1300.0
2700000,1231.28,1289.62,9207.65,-2358.17,79.4184,-2271.34,160.45,196.82,3511.6,-547.301,396.415,3984.64,0.00456146,2700.0,1300.0
2800000,1304.96,-1445.67,9207.65,-2358.31,84.1708,-2282.45,-393.411,-376.285,-3567.3,2881.58,2274.48,-2023.42,0.00457214,2800.0,1300.0
2900000,1273.81,3974.56,9207.65,-2353.01,82.1617,-2248.01,2866.81,7398.63,1658.23,-187.918,4437.43,-1586.54,0.00477067,2900.0,1300.0
3000000,1306.93,3077.46,9207.65,-2356.14,84.298,-2254.15,554.27,5992.21,2685.89,876.781,765.262,1228.56,0.00522001,3000.0,1300.0
3100000,1251.19,3992.56,9207.65,-2356.03,80.7026,-2252.38,517.14,4860.54,6600.0,2845.18,-208.011,941.667,0.0049978,3100.0,1300.0
3200000,1327.46,6400.9,9207.65,-2351.81,85.6224,-2229.4,7491.85,3604.63,8106.22,1355.51,758.672,856.565,0.00548653,3200.0,1300.0
3300000,1293.48,2933.95,9207.65,-2354.71,83.4308,-2254.42,516.303,6621.55,1664.01,-1113.33,4738.64,1293.3,0.0055908,3300.0,1300.0
3400000,1275.03,1014.81,9207.65,-2356.93,82.2402,-2268.85,4643.05,779.765,-2378.39,-2835.11,2368.54,1761.75,0.0051763,3400.0,1300.0
3500000,1239.89,-236.967,9207.65,-2357.94,79.9737,-2279.32,275.991,-864.97,-121.924,2914.43,-3101.94,4723.04,0.00495273,3500.0,1300.0
3600000,1328.79,3442.61,9207.65,-2352.99,85.708,-2247.5,5205.26,86.1135,5036.44,-762.144,3590.54,1058.93,0.00494532,3600.0,1300.0
3700000,1352.49,1293.82,9207.65,-2357.54,87.2369,-2262.87,68.2877,-42.9485,3856.11,2339.2,-2278.27,-3449.25,0.00497758,3700.0,1300.0
3800000,1423.19,7773.13,9207.65,-2350.36,91.7969,-2213.89,11344.4,4172.93,7802.0,-83.0824,1288.44,1043.01,0.00483331,3800.0,1300.0
3900000,1262.58,-456.289,9207.65,-2361.27,81.4371,-2282.46,2035.76,-1512.69,-1891.94,1732.42,3037.4,-441.348,0.00482716,3900.0,1300.0
4000000,1211.68,1989.19,9207.65,-2352.92,78.1546,-2263.34,1962.51,4402.73,-397.685,-2450.15,1644.04,7241.07,0.00476783,4000.0,1300.0
4100000,1322.59,1343.27,9207.65,-2358.1,85.3084,-2265.07,211.137,-4758.76,8577.42,-1183.4,141.216,-5480.64,0.0047156,4100.0,1300.0
4200000,1361.92,3557.86,9207.65,-2358.2,87.845,-2249.9,3511.47,4062.16,3099.94,-348.28,-3317.43,8023.5,0.00467298,4200.0,1300.0
4300000,1291.94,4343.57,9207.65,-2355.0,83.3314,-2246.71,1678.58,6934.56,4417.58,336.729,4041.33,-277.453,0.00489636,4300.0,1300.0
4400000,1370.95,2221.42,9207.65,-2353.28,88.4275,-2252.08,1016.78,-1146.89,6794.38,1480.35,-951.738,-2299.37,0.00472965,4400.0,1300.0
4500000,1268.97,-2221.38,9207.65,-2362.81,81.8499,-2293.73,-364.574,-2015.61,-4283.95,-1522.58,893.478,-2013.08,0.00502752,4500.0,1300.0
4600000,1328.54,191.378,9207.65,-2359.41,85.6917,-2272.62,674.175,2641.87,-2741.91,2022.16,-1894.62,-1538.37,0.00514196,4600.0,1300.0
4700000,1455.21,79.0977,9207.65,-2363.99,93.8624,-2269.68,735.918,-1626.5,1127.88,2147.73,2674.95,3256.43,0.00519088,4700.0,1300.0
4800000,1275.73,-2485.26,9207.65,-2361.31,82.2856,-2293.31,-3431.81,-5993.7,1969.74,-1232.66,-2296.35,-391.6,0.00482902,4800.0,1300.0
4900000,1346.82,-1303.55,9207.65,-2358.75,86.8709,-2279.37,-32.5386,-4269.98,391.871,-1066.85,-1982.39,-1521.03,0.00465707,4900.0,1300.0
5000000,1245.23,3611.01,9207.65,-2354.3,80.3181,-2253.23,1122.24,5233.82,4476.98,1566.31,343.905,-3361.74,0.00453952,5000.0,1300.0
5100000,1240.68,2041.9,9207.65,-2354.12,80.0252,-2262.36,-1337.7,4185.46,3277.94,2601.9,2295.53,-1453.77,0.00459424,5100.0,1300.0
5200000,1285.51,1249.94,9207.65,-2356.67,82.9166,-2266.57,-1502.94,637.128,4615.63,4164.84,357.814,243.235,0.00454937,5200.0,1300.0
5300000,1290.15,2256.56,9207.65,-2357.91,83.2155,-2261.72,2953.27,2214.84,1601.58,569.677,-414.032,670.734,0.00472306,5300.0,1300.0
5400000,1260.98,2131.59,9207.65,-2358.68,81.3342,-2265.09,5163.71,4009.47,-2778.41,505.59,-1695.04,5424.74,0.00452911,5400.0,1300.0
5500000,1383.44,2601.71,9207.65,-2354.8,89.233,-2250.61,-475.184,-3124.96,11405.3,3565.47,-2019.9,3270.6,0.00443955,5500.0,1300.0
5600000,1359.84,3074.05,9207.65,-2353.28,87.7111,-2247.9,3646.68,-1712.39,7287.86,-719.98,-356.382,1038.13,0.00442467,5600.0,1300.0
5700000,1284.04,-772.839,9207.65,-2357.96,82.8218,-2279.58,-8000.13,5462.0,219.61,-2317.51,3373.01,1292.25,0.00476066,5700.0,1300.0
5800000,1265.16,-867.569,9207.65,-2360.14,81.6041,-2283.52,2511.2,249.078,-5362.98,1259.32,4041.17,1332.79,0.00474225,5800.0,1300.0
5900000,1325.4,2866.15,9207.65,-2354.67,85.4897,-2252.71,6788.76,1382.25,427.428,2094.23,-527.642,-939.92,0.00486827,5900.0,1300.0
6000000,1283.17,1218.5,9207.65,-2360.08,82.7657,-2270.31,-1643.0,301.286,4997.2,-838.614,-5107.99,-3190.91,0.00498229,6000.0,1300.0
6100000,1288.74,443.075,9207.65,-2355.68,83.1248,-2270.01,3526.47,1172.09,-3369.33,-4611.97,-2515.73,1277.02,0.00490761,6100.0,1300.0
6200000,1345.0,1252.38,9207.65,-2357.09,86.7533,-2263.14,-2995.81,566.544,6186.42,-826.394,1310.12,-3673.9,0.00511243,6200.0,1300.0
6300000,1262.27,3399.7,9207.65,-2354.13,81.4177,-2253.18,1204.34,4719.13,4275.63,3316.02,3231.38,-2973.69,0.00534298,6300.0,1300.0
6400000,1334.96,7086.75,9207.65,-2350.34,86.1061,-2223.51,1448.54,10581.4,9230.34,-5.8727,1925.93,1308.9,0.00527314,6400.0,1300.0
6500000,1321.11,3835.72,9207.65,-2357.51,85.2127,-2250.25,488.601,3918.15,7100.42,1202.3,-463.278,1714.49,0.00528825,6500.0,1300.0
6600000,1282.5,5320.36,9207.65,-2355.63,82.7225,-2242.33,4931.46,2744.36,8285.25,633.369,1307.7,4048.88,0.00530056,6600.0,1300.0
6700000,1328.98,-201.837,9207.65,-2356.24,85.7206,-2271.68,2084.43,-4172.28,1482.34,-3526.66,-69.2907,-698.185,0.00530062,6700.0,1300.0
6800000,1298.87,-618.443,9207.65,-2359.59,83.7779,-2279.36,435.477,2727.05,-5017.86,-2822.88,2956.4,-2369.14,0.00547044,6800.0,1300.0
6900000,1266.08,3502.27,9207.65,-2350.47,81.663,-2248.68,10128.8,4684.81,-4306.82,-5740.79,2428.73,-2991.35,0.00564207,6900.0,1300.0
7000000,1334.53,724.547,9207.65,-2353.55,86.0782,-2263.31,133.425,-530.542,2570.76,-1554.37,1566.43,1831.03,0.0055468,7000.0,1300.0
7100000,1300.42,3578.19,9207.65,-2358.02,83.8779,-2253.57,2444.73,3162.0,5127.83,-2048.02,-1013.48,-1615.39,0.00559301,7100.0,1300.0
7200000,1294.45,3518.05,9207.65,-2354.06,83.493,-2250.35,3587.47,5274.84,1691.83,737.696,1572.11,-2304.27,0.00559213,7200.0,1300.0
7300000,1269.14,-1561.95,9207.65,-2355.75,81.8609,-2282.87,-6223.86,141.287,1396.71,-2183.09,4781.44,2413.06,0.00566583,7300.0,1300.0
7400000,1287.5,3886.65,9207.65,-2349.87,83.0449,-2244.49,1724.66,4565.99,5369.31,-4080.88,2691.0,2308.63,0.00565209,7400.0,1300.0
7500000,1341.4,2404.18,9207.65,-2352.69,86.5215,-2252.35,4157.89,2551.92,502.727,-3540.04,-3265.22,-1310.27,0.0056239,7500.0,1300.0
7600000,1218.08,926.305,9207.65,-2350.25,78.567,-2266.36,-3030.87,3675.49,2134.29,-599.401,-1817.41,-4213.69,0.0056158,7600.0,1300.0
7700000,1283.12,4647.89,9207.65,-2353.54,82.7626,-2244.07,5221.3,1340.04,7382.33,-2410.45,212.488,-4326.42,0.00562282,7700.0,1300.0
7800000,1262.45,333.846,9207.65,-2358.54,81.4293,-2275.19,1013.38,1928.73,-1940.57,3031.59,5326.91,2581.92,0.00572991,7800.0,1300.0
7900000,1199.07,2606.11,9207.65,-2354.94,77.341,-2262.62,-4139.58,7000.34,4957.59,4483.91,3280.39,-1735.66,0.00580567,7900.0,1300.0
8000000,1318.94,3345.79,9207.65,-2356.02,85.073,-2251.72,-2787.79,5702.33,7122.83,-802.028,1815.45,-3397.88,0.00580466,8000.0,1300.0
8100000,1271.44,-106.014,9207.65,-2364.47,82.0088,-2283.07,-1580.6,379.257,883.301,7054.26,-650.963,3962.54,0.00579513,8100.0,1300.0
8200000,1335.58,548.591,9207.65,-2356.04,86.1462,-2266.74,-3637.81,6943.97,-1660.39,-2690.97,-3912.82,2755.49,0.00596133,8200.0,1300.0
8300000,1265.32,1933.78,9207.65,-2356.24,81.6142,-2263.51,6309.98,2402.12,-2910.77,2033.77,2517.57,2938.28,0.00597198,8300.0,1300.0
8400000,1311.31,-847.476,9207.65,-2358.0,84.5807,-2278.29,-3647.76,3330.43,-2225.1,2117.42,798.031,147.865,0.00578645,8400.0,1300.0
8500000,1250.27,-432.26,9207.65,-2358.84,80.6433,-2280.68,-1266.35,-324.869,294.44,4232.95,2805.6,2550.02,0.00569113,8500.0,1300.0
8600000,1306.86,2652.43,9207.65,-2354.88,84.2938,-2255.34,2909.87,9368.71,-4321.28,510.98,-3755.09,5034.89,0.00564439,8600.0,1300.0
8700000,1253.51,-4619.22,9207.65,-2365.49,80.8526,-2311.19,-9298.57,610.334,-5169.42,-2996.52,-5208.06,-180.654,0.00559597,8700.0,1300.0
8800000,1258.12,525.121,9207.65,-2355.42,81.1496,-2271.26,2227.72,-4429.86,3777.5,761.975,3202.08,2721.54,0.00555945,8800.0,1300.0
8900000,1333.52,916.647,9207.65,-2360.3,86.0128,-2269.02,1555.62,4598.04,-3403.72,-4116.8,2281.92,-2757.2,0.00554785,8900.0,1300.0
9000000,1318.68,3316.76,9207.65,-2357.02,85.0559,-2252.9,5889.04,-501.758,4562.99,-2071.92,-1199.77,-1631.12,0.00549812,9000.0,1300.0
9100000,1233.65,1681.04,9207.65,-2355.15,79.5712,-2265.92,3694.94,2518.24,-1170.04,5547.84,-3607.89,2355.78,0.0056431,9100.0,1300.0
9200000,1346.08,4437.6,9207.65,-2352.8,86.8236,-2240.47,3243.49,3778.33,6290.97,1163.62,2873.03,1606.21,0.00575673,9200.0,1300.0
9300000,1301.14,-1723.88,9207.65,-2362.57,83.9245,-2288.55,-8603.6,3771.83,-339.865,-1776.44,4543.31,3328.9,0.00579462,9300.0,1300.0
9400000,1349.38,3140.87,9207.65,-2359.05,87.0359,-2253.96,373.002,3990.24,5059.37,-834.686,-1806.46,-123.061,0.00578012,9400.0,1300.0
9500000,1289.27,-565.113,9207.65,-2356.32,83.1591,-2276.4,-3687.97,812.814,1179.82,1757.12,-1020.88,-2463.74,0.00581115,9500.0,1300.0
9600000,1304.48,-665.385,9207.65,-2357.47,84.1403,-2277.15,-4244.57,-754.57,3002.98,-1750.28,-3095.76,-2314.88,0.00573972,9600.0,1300.0
9700000,1268.24,3306.36,9207.65,-2350.67,81.8027,-2249.87,3484.56,3758.02,2676.51,1107.57,-6322.95,-3883.02,0.00568916,9700.0,1300.0
9800000,1349.64,-3326.16,9207.65,-2365.3,87.053,-2297.37,1401.31,-6060.47,-5319.32,-2673.51,1558.99,-1118.24,0.00560601,9800.0,1300.0
9900000,1322.96,2982.89,9207.65,-2356.08,85.3322,-2253.61,-3068.71,1060.56,10956.8,-2913.3,3304.04,1977.49,0.00564818,9900.0,1300.0
10000000,1331.95,570.313,9207.65,-2360.83,85.9118,-2271.64,-1616.92,745.436,2582.43,-3389.31,-120.134,4332.52,0.00570338,10000.0,1300.0
