TimeStep,temp,pressure,vol,pe,ke,enthalpy,pxx,pyy,pzz,pxy,pxz,pyz,visc,time,hold_temp
0,1798.5,-6588.63,6240.93,-2121.85,116.005,-2031.51,-9450.92,-6545.31,-3769.66,-6299.18,-5469.17,2375.84,0.0033342,0.0,1700.0
100000,1773.81,2120.67,6240.93,-2120.35,114.412,-1997.67,6172.85,-71.4721,260.641,-5330.43,-1221.33,3674.99,0.00471065,100.0,1700.0
200000,1658.63,3399.15,6240.93,-2115.66,106.983,-1995.43,10514.8,-10283.0,9965.64,-4467.55,2444.79,602.795,0.000862288,200.0,1700.0
300000,1739.12,-777.994,6240.93,-2118.76,112.175,-2009.62,155.974,1193.73,-3683.69,1484.63,-160.143,1488.02,0.000773367,300.0,1700.0
400000,1661.42,3009.36,6240.93,-2112.78,107.163,-1993.9,-3711.67,11886.4,853.32,-1241.48,-898.986,-913.301,0.00449405,400.0,1700.0
500000,1655.98,-2025.12,6240.93,-2123.06,106.812,-2024.14,-1771.72,4831.1,-9134.74,-7275.81,-1900.93,3656.61,0.00391197,500.0,1700.0
600000,1697.54,8907.04,6240.93,-2113.46,109.493,-1969.27,5863.3,14409.0,6448.86,-2294.47,-3120.59,2991.24,0.0043382,600.0,1700.0
700000,1665.68,23.2351,6240.93,-2115.1,107.437,-2007.57,-1019.92,122.317,967.308,-3075.38,-451.931,-3002.51,0.00403291,700.0,1700.0
800000,1642.28,2941.17,6240.93,-2117.38,105.928,-1999.99,7789.89,6416.62,-5383.01,1626.89,3898.91,2585.75,0.00370095,800.0,1700.0
900000,1745.68,-4959.65,6240.93,-2124.35,112.598,-2031.08,-3817.36,-880.407,-10181.2,-2771.76,6009.12,831.999,0.00400878,900.0,1700.0
1000000,1723.97,10208.1,6240.93,-2113.23,111.197,-1962.27,10803.6,10456.5,9364.19,-3300.26,-1306.89,-2866.35,0.00359581,1000.0,1700.0
1100000,1614.92,-2679.04,6240.93,-2124.08,104.164,-2030.36,-1470.49,-1825.62,-4741.01,7356.91,2320.82,-1866.84,0.00330265,1100.0,1700.0
1200000,1743.93,318.846,6240.93,-2119.41,112.485,-2005.69,142.927,-3638.77,4452.38,5476.97,1240.17,6187.63,0.00313328,1200.0,1700.0
1300000,1740.38,-568.963,6240.93,-2119.67,112.256,-2009.63,-8248.21,7230.2,-688.87,680.095,4707.71,-4734.96,0.00295273,1300.0,1700.0
1400000,1647.28,-5980.42,6240.93,-2121.49,106.251,-2038.53,-8088.62,-12334.1,2481.49,-3319.98,2412.17,5100.49,0.00296955,1400.0,1700.0
1500000,1776.63,3484.75,6240.93,-2116.27,114.594,-1988.1,6613.27,-1788.48,5629.48,6782.48,-1369.36,10141.6,0.00365913,1500.0,1700.0
1600000,1693.12,-3711.7,6240.93,-2125.25,109.208,-2030.5,6444.63,-9021.43,-8558.29,2306.19,-3546.35,-928.003,0.00335015,1600.0,1700.0
1700000,1602.94,1471.72,6240.93,-2114.59,103.391,-2005.46,2546.53,395.125,1473.52,3395.93,-122.781,-3976.95,0.0035136,1700.0,1700.0
1800000,1703.74,3628.45,6240.93,-2112.5,109.893,-1988.47,8727.86,2336.65,-179.163,2093.33,-2790.08,-2056.95,0.00326451,1800.0,1700.0
1900000,1757.45,2370.83,6240.93,-2118.16,113.357,-1995.57,9604.36,-6051.12,3559.24,-6696.84,-3247.38,-1651.59,0.00437235,1900.0,1700.0
2000000,1705.17,-58.2282,6240.93,-2117.98,109.985,-2008.22,6510.41,-4680.46,-2004.64,-2932.21,2259.32,1974.43,0.00398281,2000.0,1700.0
2100000,1680.81,-6023.06,6240.93,-2122.69,108.413,-2037.74,-11118.8,5916.76,-12867.1,-1729.39,697.99,-1372.1,0.00380977,2100.0,1700.0
2200000,1700.75,128.919,6240.93,-2114.3,109.699,-2004.1,8654.8,-6127.85,-2140.19,-309.434,2780.74,2206.69,0.00366306,2200.0,1700.0
2300000,1663.19,-828.246,6240.93,-2119.6,107.277,-2015.55,-8104.47,-2152.33,7772.06,3623.55,-2702.55,2590.21,0.00355276,2300.0,1700.0
2400000,1704.33,5602.06,6240.93,-2112.8,109.931,-1981.05,12412.6,4770.67,-377.089,-1995.32,-3301.58,859.531,0.00349784,2400.0,1700.0
2500000,1682.07,2652.58,6240.93,-2115.99,108.495,-1997.16,-339.558,-3038.09,11335.4,-8064.95,7676.62,-6740.62,0.00388754,2500.0,1700.0
2600000,1632.48,5160.56,6240.93,-2114.28,105.296,-1988.88,5442.22,-678.053,10717.5,-2461.25,-4023.5,4872.25,0.00410109,2600.0,1700.0
2700000,1738.48,-3276.15,6240.93,-2123.88,112.133,-2024.5,-1725.93,-7307.19,-795.342,-3360.92,-8194.99,-6609.73,0.00412946,2700.0,1700.0
2800000,1668.64,2482.17,6240.93,-2118.27,107.629,-2000.97,5339.28,-4070.85,6178.08,-2925.46,3091.01,1595.51,0.00413301,2800.0,1700.0
2900000,1706.01,-3581.74,6240.93,-2119.92,110.039,-2023.84,1996.52,-13508.5,766.779,-3588.59,2426.24,858.24,0.00428802,2900.0,1700.0
3000000,1721.41,581.537,6240.93,-2119.23,111.032,-2005.93,-836.637,7002.11,-4420.86,-2950.85,-2290.96,3664.09,0.00403603,3000.0,1700.0
3100000,1739.02,-2668.05,6240.93,-2122.05,112.168,-2020.27,-4676.14,-7133.09,3805.07,4249.32,2713.97,4070.89,0.00391272,3100.0,1700.0
3200000,1707.63,-5978.86,6240.93,-2125.42,110.143,-2038.57,-6197.0,-6703.83,-5035.76,-1462.11,-982.966,-1087.11,0.00394631,3200.0,1700.0
3300000,1742.19,3609.16,6240.93,-2118.45,112.373,-1992.02,9484.68,9423.7,-8080.88,-3260.51,-1971.02,-5740.82,0.00408158,3300.0,1700.0
3400000,1610.12,772.299,6240.93,-2118.57,103.854,-2011.71,16209.9,-9692.84,-4200.18,-951.792,-5273.32,-324.929,0.00409339,3400.0,1700.0
3500000,1698.55,1285.61,6240.93,-2117.17,109.558,-2002.6,1136.94,-2479.5,5199.38,-10755.2,1249.09,-10650.3,0.00399358,3500.0,1700.0
3600000,1689.21,2332.32,6240.93,-2117.42,108.956,-1999.38,106.732,-596.535,7486.77,-7706.31,-1891.84,-1582.44,0.00405815,3600.0,1700.0
3700000,1683.71,1042.02,6240.93,-2118.81,108.601,-2006.15,2936.15,-914.245,1104.16,-5014.15,4225.94,2237.51,0.00400371,3700.0,1700.0
3800000,1665.48,5081.9,6240.93,-2113.31,107.425,-1986.09,2000.4,4339.97,8905.35,3178.73,4555.9,3884.79,0.00418919,3800.0,1700.0
3900000,1761.06,7600.04,6240.93,-2113.19,113.59,-1970.0,2528.2,17789.7,2482.2,2735.69,-1968.46,-4750.98,0.00417645,3900.0,1700.0
4000000,1670.21,-720.04,6240.93,-2119.6,107.73,-2014.67,2582.22,-2481.5,-2260.84,-3013.88,-1795.41,-2621.37,0.00413552,4000.0,1700.0
4100000,1763.98,1926.51,6240.93,-2116.62,113.778,-1995.34,3534.01,-1572.78,3818.3,895.178,-937.109,5232.49,0.00405716,4100.0,1700.0
4200000,1699.51,-6011.97,6240.93,-2121.39,109.62,-2035.19,-10626.7,-13272.3,5863.11,-1416.69,4672.67,1527.48,0.0042322,4200.0,1700.0
4300000,1734.39,7300.71,6240.93,-2116.43,111.87,-1976.12,3984.76,8571.64,9345.72,-4119.52,3110.89,686.87,0.00424781,4300.0,1700.0
4400000,1792.68,4590.39,6240.93,-2114.24,115.629,-1980.73,6908.56,875.191,5987.41,10387.7,-5696.45,-5647.99,0.00421379,4400.0,1700.0
4500000,1671.06,5392.58,6240.93,-2116.24,107.785,-1987.45,756.259,12851.2,2570.27,1590.66,-675.678,-1116.05,0.00413801,4500.0,1700.0
4600000,1772.37,-3591.42,6240.93,-2122.92,114.319,-2022.59,-3637.61,-2514.18,-4622.48,-2444.65,4254.39,2533.63,0.00408723,4600.0,1700.0
4700000,1610.75,-3324.84,6240.93,-2120.35,103.894,-2029.41,-9261.72,2293.73,-3006.53,3578.68,-4387.09,-4615.62,0.0039656,4700.0,1700.0
4800000,1803.74,1384.39,6240.93,-2116.5,116.343,-1994.77,-606.488,-3357.89,8117.56,-6846.5,1483.32,324.144,0.00387421,4800.0,1700.0
4900000,1643.3,249.261,6240.93,-2121.48,105.994,-2014.52,1536.31,-177.896,-610.637,-1999.29,-2932.73,-1671.45,0.00378879,4900.0,1700.0
5000000,1694.62,-9702.46,6240.93,-2123.78,109.304,-2052.27,-17127.0,-8183.07,-3797.28,609.296,3921.96,3956.34,0.00393391,5000.0,1700.0
5100000,1777.8,-437.018,6240.93,-2118.11,114.67,-2005.15,-11102.9,3274.23,6517.58,1177.08,-1265.27,2333.17,0.00387503,5100.0,1700.0
5200000,1626.92,-368.4,6240.93,-2117.49,104.938,-2013.98,5440.19,-3728.6,-2816.79,-4599.46,-1863.0,-4375.89,0.00390199,5200.0,1700.0
5300000,1671.24,6415.3,6240.93,-2115.9,107.796,-1983.11,2592.61,2489.01,14164.3,7911.6,-3267.79,3595.12,0.00387086,5300.0,1700.0
5400000,1648.99,1449.94,6240.93,-2119.33,106.361,-2007.32,4578.14,1663.72,-1892.04,-7692.46,3329.62,3683.26,0.00385165,5400.0,1700.0
5500000,1671.49,791.466,6240.93,-2116.87,107.812,-2005.98,-6602.36,2277.16,6699.6,-2899.14,7590.88,-2356.17,0.0038677,5500.0,1700.0
5600000,1636.56,-4144.04,6240.93,-2122.13,105.56,-2032.71,-3659.23,-5567.53,-3205.35,1032.51,-204.57,626.192,0.00402403,5600.0,1700.0
5700000,1670.4,962.461,6240.93,-2119.36,107.742,-2007.87,-770.784,44.4283,3613.74,3467.2,2345.93,-10249.6,0.00401002,5700.0,1700.0
5800000,1692.92,6941.77,6240.93,-2118.75,109.195,-1982.52,7399.7,7136.18,6289.42,-1051.12,2071.97,3837.87,0.00403475,5800.0,1700.0
5900000,1684.92,3368.26,6240.93,-2115.57,108.679,-1993.77,126.104,10521.2,-542.501,7042.42,4216.75,5473.67,0.00398062,5900.0,1700.0
6000000,1632.49,-1705.41,6240.93,-2120.33,105.297,-2021.67,-4810.54,-1571.61,1265.93,-4138.81,4056.32,2863.86,0.00397094,6000.0,1700.0
6100000,1665.29,3819.86,6240.93,-2118.1,107.413,-1995.81,9353.06,3176.56,-1070.03,-6393.98,-2453.0,3861.76,0.00394503,6100.0,1700.0
6200000,1645.89,-7515.4,6240.93,-2126.07,106.161,-2049.19,-11334.5,-2490.9,-8720.79,-14684.5,-5422.67,3694.29,0.00393868,6200.0,1700.0
6300000,1690.99,2155.32,6240.93,-2116.82,109.07,-1999.35,-52.0248,-826.551,7344.55,799.627,2309.58,-3105.06,0.00394682,6300.0,1700.0
6400000,1651.63,-454.929,6240.93,-2124.05,106.532,-2019.29,1736.98,263.345,-3365.11,1442.88,833.655,-3931.11,0.00392691,6400.0,1700.0
6500000,1677.38,9334.3,6240.93,-2110.08,108.193,-1965.53,10730.5,14341.9,2930.54,342.488,-3473.06,5185.62,0.00387776,6500.0,1700.0
6600000,1620.63,-1035.67,6240.93,-2119.01,104.532,-2018.51,-710.133,-3447.93,1051.07,-5097.74,1058.36,-2536.85,0.00386303,6600.0,1700.0
6700000,1672.79,-1055.17,6240.93,-2118.29,107.896,-2014.51,-8733.37,1305.09,4262.77,-1782.73,1041.54,-695.432,0.00376281,6700.0,1700.0
6800000,1640.18,3623.33,6240.93,-2115.65,105.793,-1995.74,2576.41,6875.03,1418.54,4147.74,2902.24,-1639.45,0.0037141,6800.0,1700.0
6900000,1550.8,-1136.7,6240.93,-2119.27,100.028,-2023.67,2657.59,377.723,-6445.4,-4469.34,-5725.57,-2389.09,0.0037174,6900.0,1700.0
7000000,1779.26,5099.39,6240.93,-2114.35,114.764,-1979.72,6034.59,2594.77,6668.81,-3406.84,-5403.28,10440.9,0.00368709,7000.0,1700.0
7100000,1693.25,-1506.61,6240.93,-2117.99,109.216,-2014.64,1144.06,-4181.6,-1482.29,40.9601,-5518.56,-2340.31,0.00365057,7100.0,1700.0
7200000,1735.33,8541.64,6240.93,-2110.25,111.93,-1965.05,6461.77,10717.9,8445.25,4929.83,547.285,-128.217,0.00357415,7200.0,1700.0
7300000,1699.14,1180.57,6240.93,-2112.53,109.596,-1998.33,6156.79,7121.45,-9736.53,9953.28,-759.373,2560.02,0.00358853,7300.0,1700.0
7400000,1645.33,-3682.66,6240.93,-2121.65,106.125,-2029.87,-9207.06,-2225.3,384.391,-13612.1,6166.88,402.508,0.00349763,7400.0,1700.0
7500000,1672.48,-6112.02,6240.93,-2129.92,107.876,-2045.85,-19120.4,1703.83,-919.514,-461.623,25.6909,4412.96,0.00344804,7500.0,1700.0
7600000,1793.82,-8120.48,6240.93,-2126.41,115.703,-2042.34,-4512.23,-8274.34,-11574.9,-4996.42,-2324.1,-2144.02,0.00340296,7600.0,1700.0
7700000,1714.13,7851.22,6240.93,-2110.99,110.563,-1969.85,5507.68,2876.3,15169.7,-1880.13,-2983.0,9667.74,0.0033616,7700.0,1700.0
7800000,1697.83,-2249.5,6240.93,-2119.41,109.512,-2018.67,3092.34,5166.2,-15007.0,2421.23,2993.13,-4903.37,0.00331785,7800.0,1700.0
7900000,1615.84,2812.85,6240.93,-2116.05,104.223,-2000.87,-703.19,5768.37,3373.36,6794.83,3084.3,-1998.41,0.00326968,7900.0,1700.0
8000000,1621.1,1325.75,6240.93,-2116.49,104.562,-2006.76,-1772.6,7092.43,-1342.59,1914.6,-12164.2,8506.65,0.00331561,8000.0,1700.0
8100000,1680.6,-26.0898,6240.93,-2118.39,108.4,-2010.09,-322.767,-2295.59,2540.08,2286.38,-3526.46,-3426.85,0.0033218,8100.0,1700.0
8200000,1742.71,10801.3,6240.93,-2111.0,112.406,-1956.52,5763.42,16540.9,10099.7,-1220.28,-6317.29,2597.95,0.00340158,8200.0,1700.0
8300000,1813.97,-5133.61,6240.93,-2124.13,117.003,-2027.13,-4128.88,-7752.19,-3519.75,-1933.95,-3239.89,4635.0,0.00337829,8300.0,1700.0
8400000,1826.77,12309.6,6240.93,-2111.67,117.828,-1945.89,10511.5,13219.9,13197.5,-5424.06,-1877.8,-2067.63,0.0033887,8400.0,1700.0
8500000,1680.84,-2112.54,6240.93,-2120.01,108.415,-2019.82,-5108.77,-5041.55,3812.7,359.209,3010.29,-3424.15,0.00337858,8500.0,1700.0
8600000,1806.04,-943.66,6240.93,-2123.77,116.491,-2010.96,-6161.15,-1541.11,4871.28,367.581,-1209.36,-3628.91,0.00340186,8600.0,1700.0
8700000,1592.66,-1451.13,6240.93,-2119.07,102.728,-2021.99,-6023.33,5725.48,-4055.54,3927.75,-216.355,4161.74,0.00338777,8700.0,1700.0
8800000,1705.33,7652.68,6240.93,-2114.5,109.995,-1974.69,9003.62,6550.4,7404.02,1840.27,-1198.32,1897.8,0.00353617,8800.0,1700.0
8900000,1692.11,253.406,6240.93,-2119.25,109.143,-2009.12,6590.58,2680.28,-8510.65,-508.517,-317.046,-2842.04,0.00356454,8900.0,1700.0
9000000,1644.22,-1668.57,6240.93,-2118.83,106.054,-2019.28,-2554.04,3031.44,-5483.12,4626.76,91.6892,-1642.27,0.00352127,9000.0,1700.0
9100000,1827.36,7565.99,6240.93,-2111.21,117.866,-1963.87,4562.17,6635.71,11500.1,1156.76,6080.76,1599.11,0.00351889,9100.0,1700.0
9200000,1649.08,3125.38,6240.93,-2113.55,106.367,-1995.01,11443.0,3388.72,-5455.55,-3050.18,-925.815,3092.34,0.00346916,9200.0,1700.0
9300000,1695.65,-7151.22,6240.93,-2126.65,109.371,-2045.14,-3994.86,-8178.64,-9280.16,1746.77,4641.07,-576.54,0.00352159,9300.0,1700.0
9400000,1688.03,-701.908,6240.93,-2117.3,108.879,-2011.16,4431.98,204.121,-6741.82,8830.28,-3161.52,-1046.53,0.0035032,9400.0,1700.0
9500000,1766.56,-6257.26,6240.93,-2125.88,113.944,-2036.31,-4741.63,-6708.1,-7322.03,-9875.46,-662.833,-2514.28,0.0034876,9500.0,1700.0
9600000,1685.97,-8351.92,6240.93,-2122.44,108.746,-2046.23,-3412.64,-12425.7,-9217.47,4071.63,-2058.24,7854.09,0.00349089,9600.0,1700.0
9700000,1697.7,4315.46,6240.93,-2112.32,109.503,-1986.01,5654.97,3157.63,4133.77,3863.36,2024.6,63.5928,0.00347139,9700.0,1700.0
9800000,1633.99,5149.68,6240.93,-2116.43,105.394,-1990.98,1232.95,3510.94,10705.2,3028.71,-0.888096,-314.886,0.00343363,9800.0,1700.0
9900000,1680.5,-2885.37,6240.93,-2124.82,108.394,-2027.66,-10634.3,-1253.01,3231.17,941.875,638.908,-4830.8,0.00349149,9900.0,1700.0
10000000,1702.02,379.678,6240.93,-2119.15,109.782,-2007.88,-1413.41,3316.84,-764.386,-5075.04,-4970.2,-7746.13,0.00343392,10000.0,1700.0
