TimeStep,temp,pressure,vol,pe,ke,enthalpy,pxx,pyy,pzz,pxy,pxz,pyz,visc,time,hold_temp
0,1533.33,-2324.48,7199.62,-2745.47,98.9012,-2657.02,-624.583,23.7653,-6372.64,-642.844,2505.1,1051.25,0.000451584,0.0,1500.0
100000,1424.46,3702.28,7199.62,-2742.44,91.8791,-2633.92,5922.81,2881.44,2302.6,-4032.51,4567.4,-7076.61,0.0462857,100.0,1500.0
200000,1490.19,9996.61,7199.62,-2733.75,96.1182,-2592.71,7814.12,-3514.94,25690.7,4328.21,-1739.49,3010.1,0.0155637,200.0,1500.0
300000,1672.01,7205.71,7199.62,-2736.6,107.846,-2596.38,7494.62,9023.29,5099.23,3899.89,2546.07,-2049.31,0.0237481,300.0,1500.0
400000,1561.31,1619.83,7199.62,-2744.4,100.706,-2636.42,-4140.0,2724.99,6274.48,3781.63,422.05,656.733,0.0224696,400.0,1500.0
500000,1537.03,5779.32,7199.62,-2747.39,99.1397,-2622.28,13236.1,3505.09,596.729,-4694.79,1248.5,-2892.77,0.0189949,500.0,1500.0
600000,1446.98,9532.97,7199.62,-2733.48,93.3313,-2597.32,9668.79,14661.7,4268.39,1797.63,2533.6,2577.65,0.0285275,600.0,1500.0
700000,1535.41,5860.09,7199.62,-2734.47,99.0352,-2609.1,8435.73,6822.31,2322.21,7299.73,-3729.75,8794.68,0.0361199,700.0,1500.0
800000,1545.94,4665.7,7199.62,-2739.22,99.7142,-2618.54,1056.29,7655.29,5285.52,9419.64,3634.01,2065.35,0.0306807,800.0,1500.0
900000,1544.62,6608.4,7199.62,-2736.97,99.6289,-2607.64,6718.85,12490.2,616.165,-4584.41,-2441.45,-1391.5,0.0284658,900.0,1500.0
1000000,1468.48,6851.06,7199.62,-2736.34,94.7182,-2610.84,4593.46,3272.0,12687.7,891.401,-5690.54,-3178.0,0.0268077,1000.0,1500.0
1100000,1528.08,6244.2,7199.62,-2742.71,98.5622,-2616.09,11447.3,5668.17,1617.12,-2300.85,2612.23,-917.868,0.0235358,1100.0,1500.0
1200000,1453.8,2496.14,7199.62,-2743.75,93.7711,-2638.77,1766.82,1949.57,3772.02,-2814.04,-459.727,2303.36,0.0212917,1200.0,1500.0
1300000,1490.18,5553.79,7199.62,-2743.13,96.118,-2622.06,18134.1,3085.94,-4558.7,-400.185,257.869,-3955.41,0.0201478,1300.0,1500.0
1400000,1439.69,8790.07,7199.62,-2730.77,92.8609,-2598.41,13971.4,9126.38,3272.46,-458.241,1985.37,-2946.0,0.0185733,1400.0,1500.0
1500000,1457.46,3781.53,7199.62,-2741.24,94.0072,-2630.24,8576.88,10518.2,-7750.53,-9153.89,-657.492,8177.52,0.0170251,1500.0,1500.0
1600000,1432.89,2126.41,7199.62,-2736.04,92.4226,-2634.06,6612.52,3353.86,-3587.16,1676.55,2934.89,7244.66,0.016265,1600.0,1500.0
1700000,1539.83,10180.3,7199.62,-2731.38,99.3204,-2586.32,5009.0,15942.7,9589.07,848.739,-3283.38,-5113.3,0.0220595,1700.0,1500.0
1800000,1566.46,4044.4,7199.62,-2739.81,101.038,-2620.6,10695.9,5196.83,-3759.57,1486.02,-1998.82,-225.007,0.0223599,1800.0,1500.0
1900000,1574.33,7646.25,7199.62,-2736.16,101.546,-2600.25,4063.06,9378.06,9497.64,-3664.89,-5098.54,-1068.95,0.0214208,1900.0,1500.0
2000000,1415.48,2821.16,7199.62,-2743.97,91.2998,-2640.0,-1352.18,3796.32,6019.34,5552.61,-124.465,-4179.67,0.021199,2000.0,1500.0
2100000,1473.67,7778.41,7199.62,-2736.43,95.0529,-2606.42,4870.02,10396.7,8068.49,-4219.62,-2336.43,-1827.32,0.0203878,2100.0,1500.0
2200000,1551.97,6841.66,7199.62,-2735.88,100.103,-2605.03,10248.8,7866.11,2410.04,4538.2,4337.73,-4266.31,0.019434,2200.0,1500.0
2300000,1461.91,5531.81,7199.62,-2737.5,94.2946,-2618.35,-5395.27,12921.4,9069.28,-2314.32,1161.46,554.079,0.0190905,2300.0,1500.0
2400000,1600.03,6349.48,7199.62,-2737.71,103.203,-2605.97,4385.98,10886.3,3776.18,-5066.55,-2108.88,2654.65,0.0210478,2400.0,1500.0
2500000,1610.33,3969.42,7199.62,-2742.13,103.867,-2620.43,468.62,4472.43,6967.21,398.074,-730.931,91.6031,0.021151,2500.0,1500.0
2600000,1418.27,6804.62,7199.62,-2734.34,91.4797,-2612.28,9235.87,13110.7,-1932.76,6607.94,-797.843,498.071,0.0216429,2600.0,1500.0
2700000,1433.02,5758.67,7199.62,-2737.26,92.4309,-2618.95,9894.88,2335.46,5045.67,-712.701,-10098.7,-616.691,0.0204378,2700.0,1500.0
2800000,1541.98,4063.97,7199.62,-2741.44,99.4591,-2623.72,-721.79,8059.54,4854.15,-5461.32,7605.51,5007.5,0.0204288,2800.0,1500.0
2900000,1492.19,512.336,7199.62,-2743.73,96.2478,-2645.18,-5007.42,38.9064,6505.52,819.685,3903.01,-522.162,0.0205811,2900.0,1500.0
3000000,1497.84,6533.77,7199.62,-2733.53,96.6121,-2607.56,13879.1,10422.4,-4700.19,-6269.38,-1261.09,5732.93,0.0209234,3000.0,1500.0
3100000,1463.87,5097.0,7199.62,-2733.78,94.421,-2616.46,946.33,2808.49,11536.2,-1769.38,-5726.21,-4539.83,0.0220897,3100.0,1500.0
3200000,1470.3,4684.6,7199.62,-2739.77,94.8353,-2623.88,3359.65,5913.74,4780.43,-2221.19,-3982.15,400.392,0.0227953,3200.0,1500.0
3300000,1660.27,6902.23,7199.62,-2742.5,107.089,-2604.39,13067.4,5857.86,1781.4,5160.91,-435.088,-224.653,0.0228856,3300.0,1500.0
3400000,1363.63,3158.4,7199.62,-2735.66,87.9553,-2633.51,11868.5,-3206.71,813.447,3025.26,2220.8,-651.304,0.0220196,3400.0,1500.0
3500000,1484.1,4712.27,7199.62,-2735.15,95.7259,-2618.25,10355.7,6485.55,-2704.46,-5385.38,-2146.12,1260.85,0.0210769,3500.0,1500.0
3600000,1495.79,5685.51,7199.62,-2736.68,96.4796,-2614.65,3304.35,6888.33,6863.86,-599.893,322.403,-1880.74,0.0207279,3600.0,1500.0
3700000,1484.82,6706.89,7199.62,-2738.23,95.772,-2612.32,6475.67,-1066.03,14711.0,1453.03,-8440.99,-1607.53,0.0200705,3700.0,1500.0
3800000,1451.62,873.349,7199.62,-2747.17,93.6306,-2649.61,-1752.37,2689.48,1682.94,-5411.5,-1066.12,926.899,0.0203331,3800.0,1500.0
3900000,1430.53,1891.93,7199.62,-2747.87,92.2703,-2647.1,-943.664,7269.31,-649.856,-1961.12,-109.62,6723.93,0.0205786,3900.0,1500.0
4000000,1592.95,361.675,7199.62,-2744.76,102.747,-2640.39,-7015.11,7242.78,857.355,2707.83,-8772.19,-120.427,0.0209065,4000.0,1500.0
4100000,1590.57,5175.53,7199.62,-2739.71,102.593,-2613.87,6228.04,-2812.77,12111.3,6164.08,776.699,-3387.65,0.0205554,4100.0,1500.0
4200000,1498.9,4349.02,7199.62,-2732.44,96.6802,-2616.21,9025.98,-5905.32,9926.39,-738.611,1779.01,-3204.55,0.0208679,4200.0,1500.0
4300000,1517.24,6852.28,7199.62,-2743.7,97.8632,-2615.04,8704.94,6192.09,5659.83,-4359.81,4882.35,7549.46,0.0207771,4300.0,1500.0
4400000,1423.98,7092.32,7199.62,-2735.13,91.848,-2611.41,3068.47,8727.01,9481.48,-63.0222,6708.26,7243.5,0.0204989,4400.0,1500.0
4500000,1542.83,-722.166,7199.62,-2750.07,99.5135,-2653.8,-3328.6,-1172.2,2334.3,448.241,521.677,7568.29,0.0204439,4500.0,1500.0
4600000,1419.8,4623.05,7199.62,-2736.06,91.578,-2623.7,6495.38,4486.5,2887.26,-7412.84,1833.43,-2524.87,0.0210306,4600.0,1500.0
4700000,1529.16,9119.96,7199.62,-2738.91,98.6322,-2599.3,9177.07,6054.43,12128.4,543.046,6296.51,306.184,0.0206415,4700.0,1500.0
4800000,1445.42,8134.68,7199.62,-2735.71,93.2306,-2605.92,8469.7,5583.91,10350.4,-5909.9,3334.43,-4492.39,0.0208223,4800.0,1500.0
4900000,1488.48,-321.852,7199.62,-2740.17,96.0084,-2645.61,-1041.83,7158.38,-7082.11,-4415.12,2252.26,2727.07,0.0210822,4900.0,1500.0
5000000,1515.24,9765.34,7199.62,-2731.01,97.7343,-2589.39,12124.2,8618.71,8553.09,-1280.75,753.851,-349.733,0.0213654,5000.0,1500.0
5100000,1548.47,3041.15,7199.62,-2743.29,99.8779,-2629.74,9550.77,3776.94,-4204.26,-160.883,4765.39,-353.941,0.0205166,5100.0,1500.0
5200000,1408.37,1439.92,7199.62,-2741.74,90.8409,-2644.43,-4010.5,5213.5,3116.76,-3813.36,-2591.57,2286.14,0.0214787,5200.0,1500.0
5300000,1487.61,3543.34,7199.62,-2743.98,95.9521,-2632.11,4439.73,5532.55,657.731,-373.566,-327.56,-9949.57,0.0215456,5300.0,1500.0
5400000,1513.5,5803.3,7199.62,-2743.6,97.6221,-2619.9,2950.67,-440.513,14899.8,-4997.49,-764.552,-5285.53,0.0213712,5400.0,1500.0
5500000,1488.27,6095.07,7199.62,-2734.69,95.9948,-2611.31,2050.07,8419.18,7815.95,378.525,4478.15,2027.74,0.02133,5500.0,1500.0
5600000,1480.09,694.348,7199.62,-2736.01,95.467,-2637.42,4559.42,-6439.86,3963.48,2691.34,5012.26,44.8614,0.0209805,5600.0,1500.0
5700000,1477.4,3484.61,7199.62,-2737.43,95.2935,-2626.47,9081.02,2919.25,-1546.43,1067.23,5072.25,3507.45,0.0209881,5700.0,1500.0
5800000,1482.06,2481.19,7199.62,-2744.3,95.5943,-2637.56,6329.3,2146.88,-1032.61,1923.97,-879.543,3619.03,0.0210094,5800.0,1500.0
5900000,1579.0,1938.71,7199.62,-2745.04,101.847,-2634.48,11943.9,-6000.62,-127.158,7837.23,-1574.46,-3023.76,0.0215202,5900.0,1500.0
6000000,1463.76,-1033.71,7199.62,-2750.34,94.4135,-2660.57,-2307.84,270.145,-1063.43,963.798,509.271,-8124.75,0.0215235,6000.0,1500.0
6100000,1514.46,3038.1,7199.62,-2738.15,97.6839,-2626.82,1997.63,1779.29,5337.39,-2426.5,4673.81,-2140.21,0.0220916,6100.0,1500.0
6200000,1470.96,5638.77,7199.62,-2738.16,94.8783,-2617.94,15300.5,3380.74,-1764.94,2637.01,4980.48,-381.226,0.021912,6200.0,1500.0
6300000,1525.16,2149.14,7199.62,-2743.9,98.3741,-2635.86,5528.14,-3155.49,4074.78,2088.21,-1977.18,-6117.9,0.0220284,6300.0,1500.0
6400000,1559.91,1181.84,7199.62,-2746.29,100.615,-2640.36,9338.44,-2778.91,-3014.02,-1862.73,-2359.66,1838.76,0.0222382,6400.0,1500.0
6500000,1450.16,5701.22,7199.62,-2740.59,93.5362,-2621.44,633.678,17339.4,-869.478,1213.64,3031.22,-4435.44,0.0218565,6500.0,1500.0
6600000,1403.43,1290.83,7199.62,-2740.08,90.5224,-2643.76,3299.96,-2199.99,2772.53,-5372.59,-4186.57,577.667,0.0223238,6600.0,1500.0
6700000,1564.68,5752.06,7199.62,-2733.65,100.923,-2606.88,1994.25,5479.75,9782.19,-425.879,-1107.38,1203.29,0.0216177,6700.0,1500.0
6800000,1460.79,9344.1,7199.62,-2733.77,94.2224,-2597.55,15503.2,5154.49,7374.59,3057.29,-1770.33,753.84,0.0219277,6800.0,1500.0
6900000,1378.83,-1689.77,7199.62,-2744.07,88.9358,-2662.73,353.078,-8116.9,2694.52,3571.48,-2015.7,1217.35,0.0222905,6900.0,1500.0
7000000,1539.74,5963.55,7199.62,-2739.63,99.3142,-2613.52,6132.44,4520.41,7237.79,-193.66,2439.62,-2509.05,0.0225885,7000.0,1500.0
7100000,1521.21,6192.82,7199.62,-2741.17,98.1196,-2615.22,11859.5,4829.5,1889.44,2806.65,-2997.72,-1246.95,0.0222269,7100.0,1500.0
7200000,1474.33,7179.33,7199.62,-2736.21,95.0954,-2608.85,1613.9,14661.2,5262.91,6786.29,-2670.49,-1558.91,0.0217875,7200.0,1500.0
7300000,1534.82,3133.23,7199.62,-2737.32,98.9969,-2624.24,13282.3,1693.98,-5576.6,-1031.24,-1910.89,-2862.59,0.0217266,7300.0,1500.0
7400000,1581.89,6843.77,7199.62,-2739.8,102.033,-2607.02,13754.2,4094.47,2682.66,916.567,-402.175,4812.8,0.0218533,7400.0,1500.0
7500000,1417.98,4462.05,7199.62,-2737.74,91.4608,-2626.23,14448.3,-3795.8,2733.69,-2929.17,-6528.45,-5200.54,0.0215127,7500.0,1500.0
7600000,1472.96,5712.45,7199.62,-2735.62,95.0073,-2614.95,4875.16,7823.87,4438.31,1008.19,5270.54,-1917.84,0.0220963,7600.0,1500.0
7700000,1637.84,6392.5,7199.62,-2742.4,105.642,-2608.04,7427.0,7244.89,4505.6,-121.983,-7289.24,1388.96,0.0219304,7700.0,1500.0
7800000,1564.96,3690.95,7199.62,-2738.62,100.941,-2621.09,4236.02,2128.25,4708.59,2504.55,4219.44,3831.05,0.0220516,7800.0,1500.0
7900000,1517.99,7928.7,7199.62,-2728.1,97.9114,-2594.56,12258.9,8152.27,3374.99,700.046,-3140.14,1488.16,0.0223796,7900.0,1500.0
8000000,1560.0,1703.18,7199.62,-2742.14,100.621,-2633.86,-4798.97,11221.4,-1312.92,4272.37,-472.855,-4713.85,0.0222175,8000.0,1500.0
8100000,1335.01,3895.17,7199.62,-2742.36,86.1091,-2638.75,5615.7,4255.92,1813.88,-3281.61,508.302,-5682.3,0.0220233,8100.0,1500.0
8200000,1528.67,112.133,7199.62,-2744.36,98.6006,-2645.25,-2474.09,-4309.03,7119.52,-1244.56,1078.87,3191.22,0.0219212,8200.0,1500.0
8300000,1475.69,560.504,7199.62,-2745.67,95.1834,-2647.97,-1083.09,3778.94,-1014.34,-4251.74,3984.69,1962.63,0.0217822,8300.0,1500.0
8400000,1547.84,6456.04,7199.62,-2734.3,99.8373,-2605.45,9682.73,5590.23,4095.15,512.33,-2338.61,-5859.99,0.0215098,8400.0,1500.0
8500000,1494.05,5442.69,7199.62,-2733.08,96.3672,-2612.25,11605.7,-1706.85,6429.24,6126.84,864.077,310.914,0.0217897,8500.0,1500.0
8600000,1504.15,5414.28,7199.62,-2743.86,97.0191,-2622.51,3745.32,9251.91,3245.6,667.111,3348.82,1573.9,0.0216757,8600.0,1500.0
8700000,1474.67,4596.52,7199.62,-2738.51,95.1173,-2622.74,2098.28,7693.06,3998.23,7513.81,-650.755,5181.03,0.0225453,8700.0,1500.0
8800000,1527.1,8605.23,7199.62,-2734.97,98.4993,-2597.8,11795.7,7422.0,6597.97,2300.39,-2915.42,-2185.19,0.0231568,8800.0,1500.0
8900000,1524.17,3108.84,7199.62,-2744.22,98.3101,-2631.94,6932.17,44.8398,2349.5,-4114.78,-1481.29,410.832,0.0227815,8900.0,1500.0
9000000,1393.23,1210.28,7199.62,-2746.14,89.8642,-2650.84,7069.46,-253.535,-3185.09,-5654.58,-2987.52,2841.18,0.0229036,9000.0,1500.0
9100000,1526.35,5766.52,7199.62,-2742.76,98.4505,-2618.39,11573.9,10193.8,-4468.16,-689.144,-1880.39,-767.461,0.0226088,9100.0,1500.0
9200000,1581.61,5554.34,7199.62,-2738.85,102.015,-2611.88,2817.75,9267.09,4578.19,6896.44,-2493.71,2374.48,0.0223904,9200.0,1500.0
9300000,1581.07,3320.86,7199.62,-2742.39,101.98,-2625.49,11826.8,293.709,-2157.91,-669.969,2267.02,-4749.48,0.0223761,9300.0,1500.0
9400000,1468.09,3332.36,7199.62,-2742.1,94.693,-2632.44,8952.86,495.863,548.36,1314.38,1911.01,-6771.56,0.0222953,9400.0,1500.0
9500000,1419.16,135.792,7199.62,-2741.5,91.537,-2649.36,-5453.25,6771.39,-910.767,3836.19,5848.1,-375.714,0.0220346,9500.0,1500.0
9600000,1518.84,4803.4,7199.62,-2738.09,97.9666,-2618.54,7579.82,-2983.97,9814.33,5476.32,-237.59,-1617.05,0.0219593,9600.0,1500.0
9700000,1436.29,7876.73,7199.62,-2733.84,92.6419,-2605.81,5100.26,10481.3,8048.59,1400.31,-4234.94,-3772.58,0.0217589,9700.0,1500.0
9800000,1532.5,9117.09,7199.62,-2732.51,98.8473,-2592.69,12889.5,11768.2,2693.54,406.874,-2208.51,4420.3,0.0216886,9800.0,1500.0
9900000,1592.79,3591.94,7199.62,-2736.72,102.737,-2617.85,-86.15,6393.12,4468.84,1330.93,2430.87,-3462.99,0.0215021,9900.0,1500.0
10000000,1536.94,6834.61,7199.62,-2736.93,99.1341,-2607.08,4558.23,5035.56,10910.0,-4873.98,9091.04,3248.13,0.0215337,10000.0,1500.0
