TimeStep,temp,pressure,vol,pe,ke,enthalpy,pxx,pyy,pzz,pxy,pxz,pyz,visc,time,hold_temp
0,204.654,1721.58,8712.98,-2368.69,13.2003,-2346.13,-158.286,4781.28,541.756,-465.334,432.693,-1681.84,0.00169988,0.0,200.0
100000,193.275,2383.5,8712.98,-2367.67,12.4664,-2342.24,1938.95,4450.14,761.405,-1494.81,1639.5,-480.867,0.254592,100.0,200.0
200000,206.608,1224.9,8712.98,-2368.57,13.3264,-2348.59,-2117.41,2426.88,3365.24,103.876,-353.066,1656.72,0.190362,200.0,200.0
300000,200.337,2149.11,8712.98,-2368.21,12.9219,-2343.6,116.358,4453.81,1877.16,312.977,919.537,-382.99,0.200101,300.0,200.0
400000,203.682,2686.52,8712.98,-2367.46,13.1377,-2339.71,1360.39,4739.16,1960.02,-364.284,-100.889,-359.472,0.217822,400.0,200.0
500000,200.01,1890.35,8712.98,-2368.71,12.9008,-2345.53,-1723.09,6032.62,1361.51,-1647.34,-1386.94,-1155.87,0.216089,500.0,200.0
600000,216.167,1722.14,8712.98,-2368.96,13.943,-2345.65,-995.781,5327.36,834.843,-1080.71,1359.09,-443.88,0.210166,600.0,200.0
700000,186.197,1815.12,8712.98,-2368.13,12.0099,-2346.25,-160.972,5498.27,108.047,-492.464,-123.189,-405.454,0.214852,700.0,200.0
800000,210.093,1815.77,8712.98,-2368.6,13.5512,-2345.17,708.17,3956.57,782.573,142.197,115.765,-935.693,0.211531,800.0,200.0
900000,211.889,2091.67,8712.98,-2368.18,13.667,-2343.14,199.771,3582.38,2492.85,-285.084,-641.083,-298.659,0.218632,900.0,200.0
1000000,200.719,1497.33,8712.98,-2368.67,12.9465,-2347.58,-634.687,5221.12,-94.4541,305.527,794.657,792.577,0.225616,1000.0,200.0
1100000,199.022,2165.24,8712.98,-2368.04,12.8371,-2343.43,820.655,5125.87,549.211,32.7885,-155.119,411.886,0.22792,1100.0,200.0
1200000,192.773,1712.07,8712.98,-2368.23,12.434,-2346.48,-1243.35,6055.21,324.349,-103.567,620.163,601.253,0.229984,1200.0,200.0
1300000,198.729,2191.22,8712.98,-2367.62,12.8182,-2342.89,-1008.66,4791.9,2790.42,-1242.31,298.958,-1112.08,0.231214,1300.0,200.0
1400000,196.495,1691.54,8712.98,-2368.8,12.6741,-2346.92,-1119.61,3993.8,2200.44,-1157.81,534.958,-652.08,0.23107,1400.0,200.0
1500000,207.233,2866.81,8712.98,-2367.54,13.3667,-2338.58,1450.22,5230.2,1920.01,174.627,-715.938,-650.626,0.231795,1500.0,200.0
1600000,198.94,2452.52,8712.98,-2368.27,12.8318,-2342.1,853.435,5733.07,771.043,-1167.47,298.088,-320.98,0.23495,1600.0,200.0
1700000,209.678,2003.95,8712.98,-2367.32,13.5244,-2342.9,327.875,4622.75,1061.22,-943.261,-265.103,-727.804,0.237927,1700.0,200.0
1800000,191.471,2356.65,8712.98,-2368.01,12.35,-2342.85,1307.26,4908.45,854.239,-929.455,327.266,-33.3403,0.238437,1800.0,200.0
1900000,189.904,1550.81,8712.98,-2367.89,12.249,-2347.21,-2260.61,5659.32,1253.72,-703.885,964.176,128.055,0.236799,1900.0,200.0
2000000,203.739,1694.08,8712.98,-2368.32,13.1413,-2345.97,-622.686,3698.29,2006.64,515.806,1417.22,-320.368,0.237039,2000.0,200.0
2100000,205.516,1886.44,8712.98,-2367.97,13.2559,-2344.46,-982.157,5489.59,1151.88,-95.9942,-477.417,-153.01,0.237975,2100.0,200.0
2200000,198.739,2564.21,8712.98,-2367.99,12.8188,-2341.23,1768.6,5688.92,235.1,-247.939,934.737,1010.8,0.24048,2200.0,200.0
2300000,208.112,1746.72,8712.98,-2367.87,13.4234,-2344.95,861.461,3374.76,1003.93,-709.324,896.334,1584.7,0.241728,2300.0,200.0
2400000,196.236,2056.04,8712.98,-2368.58,12.6574,-2344.74,1003.08,3863.45,1301.6,-359.967,-684.566,870.674,0.243433,2400.0,200.0
2500000,202.742,1849.98,8712.98,-2368.71,13.077,-2345.57,129.823,4088.71,1331.4,1150.98,-564.119,136.895,0.241052,2500.0,200.0
2600000,194.672,2064.5,8712.98,-2368.17,12.5565,-2344.39,1604.14,4911.49,-322.144,-112.884,-607.793,213.511,0.240429,2600.0,200.0
2700000,210.575,1759.24,8712.98,-2367.98,13.5822,-2344.83,1237.03,4363.58,-322.887,-852.057,-173.595,2.13893,0.240612,2700.0,200.0
2800000,196.804,2933.94,8712.98,-2368.74,12.694,-2340.09,769.251,5067.45,2965.13,814.04,1572.06,-807.703,0.241882,2800.0,200.0
2900000,215.177,2258.93,8712.98,-2368.23,13.8791,-2342.07,-706.911,5532.18,1951.54,-1451.74,1443.53,244.593,0.243379,2900.0,200.0
3000000,188.482,2445.04,8712.98,-2367.35,12.1572,-2341.9,796.964,5657.88,880.28,-903.438,962.069,-487.732,0.24303,3000.0,200.0
3100000,203.056,1220.22,8712.98,-2368.77,13.0973,-2349.04,-503.091,3478.61,685.147,-164.727,2659.89,-377.396,0.243735,3100.0,200.0
3200000,203.479,2574.18,8712.98,-2368.4,13.1246,-2341.28,513.759,5742.94,1465.84,-65.6249,673.979,108.688,0.242262,3200.0,200.0
3300000,198.842,1847.54,8712.98,-2368.01,12.8255,-2345.14,-1409.04,5585.2,1366.47,-141.723,934.801,155.999,0.241315,3300.0,200.0
3400000,218.713,2097.47,8712.98,-2368.14,14.1072,-2342.63,-1175.54,6437.54,1030.41,-1242.0,264.999,932.969,0.241752,3400.0,200.0
3500000,201.338,2772.58,8712.98,-2368.04,12.9865,-2339.98,987.488,6079.21,1251.04,408.629,1137.65,-422.688,0.242146,3500.0,200.0
3600000,209.011,2350.91,8712.98,-2366.81,13.4814,-2340.54,-1604.28,7238.79,1418.24,845.293,1217.16,1319.01,0.242075,3600.0,200.0
3700000,200.778,1379.69,8712.98,-2368.69,12.9503,-2348.23,1952.68,2459.83,-273.436,-608.095,-214.963,-489.585,0.242389,3700.0,200.0
3800000,226.831,1486.37,8712.98,-2368.65,14.6308,-2345.93,-234.514,3905.26,788.352,1366.17,-541.657,1981.34,0.243373,3800.0,200.0
3900000,218.088,1964.74,8712.98,-2368.0,14.0669,-2343.25,333.421,4652.86,907.954,-1401.34,-561.098,-331.808,0.242947,3900.0,200.0
4000000,205.798,1128.92,8712.98,-2368.77,13.2742,-2349.36,486.332,2797.85,102.59,511.843,-814.449,130.74,0.242755,4000.0,200.0
4100000,197.721,2108.28,8712.98,-2367.65,12.7532,-2343.43,612.699,4023.78,1688.37,-433.115,-263.97,230.571,0.242323,4100.0,200.0
4200000,186.039,2031.75,8712.98,-2368.41,11.9997,-2345.36,272.563,5111.01,711.673,-104.727,397.365,1044.42,0.241167,4200.0,200.0
4300000,194.04,1206.1,8712.98,-2369.03,12.5158,-2349.95,-881.818,3494.84,1005.27,557.844,1598.76,173.842,0.241278,4300.0,200.0
4400000,199.047,1417.21,8712.98,-2368.65,12.8387,-2348.1,-374.16,3940.22,685.572,-604.31,-783.176,1480.44,0.242574,4400.0,200.0
4500000,192.202,1103.59,8712.98,-2368.0,12.3972,-2349.61,-570.663,3737.86,143.583,382.163,583.889,659.838,0.243138,4500.0,200.0
4600000,204.446,1749.86,8712.98,-2368.81,13.1869,-2346.11,1003.85,4051.89,193.834,-287.981,-114.319,-471.87,0.243624,4600.0,200.0
4700000,208.99,1126.24,8712.98,-2368.74,13.48,-2349.14,-489.579,4653.2,-784.906,-2360.14,72.3122,380.426,0.243906,4700.0,200.0
4800000,206.415,1830.48,8712.98,-2368.45,13.314,-2345.18,776.047,5813.69,-1098.3,-1689.92,1604.47,-852.834,0.243909,4800.0,200.0
4900000,201.287,1794.31,8712.98,-2368.29,12.9832,-2345.55,-1266.9,5015.03,1634.79,-146.094,750.828,579.334,0.24298,4900.0,200.0
5000000,193.079,2361.91,8712.98,-2367.53,12.4537,-2342.23,13.7132,5728.06,1343.97,-452.617,-329.579,1629.86,0.242902,5000.0,200.0
5100000,217.248,2335.14,8712.98,-2368.12,14.0127,-2341.4,434.454,5072.64,1498.32,-759.963,556.16,991.324,0.241498,5100.0,200.0
5200000,203.681,1258.56,8712.98,-2368.42,13.1376,-2348.44,-801.414,2623.05,1954.05,-1380.33,1467.89,613.175,0.241214,5200.0,200.0
5300000,210.723,999.609,8712.98,-2368.79,13.5918,-2349.76,-1795.43,4779.69,14.5709,-811.327,206.072,-180.782,0.240897,5300.0,200.0
5400000,205.599,1133.81,8712.98,-2368.5,13.2613,-2349.08,-1281.97,3949.7,733.695,1101.86,1456.54,-1482.59,0.240056,5400.0,200.0
5500000,191.361,1700.98,8712.98,-2368.02,12.3429,-2346.42,-1242.3,4815.28,1529.95,1430.62,-1775.07,-896.809,0.239482,5500.0,200.0
5600000,198.336,1920.52,8712.98,-2368.58,12.7929,-2345.34,-543.408,5370.56,934.405,-213.189,251.664,124.205,0.239428,5600.0,200.0
5700000,201.408,1868.84,8712.98,-2367.62,12.991,-2344.46,6.30809,4411.84,1188.37,1222.87,147.091,1209.1,0.239326,5700.0,200.0
5800000,200.581,754.417,8712.98,-2368.7,12.9376,-2351.66,-639.688,4259.22,-1356.28,1195.6,1863.07,307.449,0.239897,5800.0,200.0
5900000,210.244,1410.26,8712.98,-2368.75,13.5609,-2347.52,525.01,2142.74,1563.04,-898.533,-705.119,-628.275,0.240172,5900.0,200.0
6000000,190.698,1374.36,8712.98,-2368.21,12.3002,-2348.43,-509.611,2403.8,2228.88,-1298.26,-702.621,-878.419,0.240525,6000.0,200.0
6100000,205.704,2343.34,8712.98,-2367.65,13.2681,-2341.64,1914.45,3859.42,1256.16,-349.073,117.317,341.866,0.240121,6100.0,200.0
6200000,204.273,2387.81,8712.98,-2367.82,13.1758,-2341.66,907.175,4931.78,1324.48,-906.74,-1574.85,-416.089,0.240162,6200.0,200.0
6300000,206.057,2362.85,8712.98,-2367.7,13.2908,-2341.56,337.414,5223.22,1527.9,770.477,595.531,935.697,0.240383,6300.0,200.0
6400000,204.289,1531.8,8712.98,-2368.18,13.1768,-2346.67,-918.305,5126.31,387.411,-233.269,868.776,501.796,0.240452,6400.0,200.0
6500000,201.513,1713.86,8712.98,-2368.42,12.9977,-2346.1,981.389,3550.04,610.149,-358.876,455.475,-504.321,0.240293,6500.0,200.0
6600000,193.001,1317.42,8712.98,-2368.27,12.4487,-2348.66,1239.0,2782.67,-69.4025,1094.62,-476.393,-947.912,0.240134,6600.0,200.0
6700000,195.166,1398.32,8712.98,-2367.85,12.5884,-2347.65,930.677,3672.23,-407.945,-855.649,20.2208,858.055,0.240457,6700.0,200.0
6800000,207.658,2796.03,8712.98,-2367.72,13.3941,-2339.12,2012.72,5153.09,1222.29,-887.496,194.27,360.771,0.240208,6800.0,200.0
6900000,210.796,1807.78,8712.98,-2367.87,13.5965,-2344.44,447.886,4176.75,798.719,551.913,-708.478,234.684,0.239671,6900.0,200.0
7000000,194.907,2030.71,8712.98,-2367.8,12.5716,-2344.18,1152.3,4759.35,180.484,159.026,1082.54,1462.87,0.239612,7000.0,200.0
7100000,197.176,1561.31,8712.98,-2368.6,12.718,-2347.39,-1497.74,5789.32,392.348,-671.909,445.199,73.1603,0.240001,7100.0,200.0
7200000,216.408,1544.53,8712.98,-2368.55,13.9585,-2346.19,312.491,4292.23,28.8663,-139.529,-122.8,-1067.83,0.240763,7200.0,200.0
7300000,199.925,2110.8,8712.98,-2367.38,12.8953,-2343.0,-52.6024,5564.06,820.929,581.801,642.423,492.087,0.24019,7300.0,200.0
7400000,194.224,1515.71,8712.98,-2368.98,12.5276,-2348.21,-506.643,5307.22,-253.456,-1044.23,268.655,-42.0508,0.240469,7400.0,200.0
7500000,207.03,2446.98,8712.98,-2367.49,13.3536,-2340.83,953.164,4335.29,2052.49,1624.9,92.2447,-1310.55,0.240304,7500.0,200.0
7600000,206.196,1946.71,8712.98,-2368.13,13.2998,-2344.24,138.142,4865.58,836.394,-1014.86,2075.49,1306.24,0.240557,7600.0,200.0
7700000,199.75,1178.83,8712.98,-2368.49,12.8841,-2349.2,-1702.23,5285.98,-47.2663,1470.55,-1840.02,-602.885,0.240363,7700.0,200.0
7800000,191.882,2124.6,8712.98,-2368.55,12.3765,-2344.62,-1017.2,6169.52,1221.48,550.781,1655.55,-1609.31,0.239799,7800.0,200.0
7900000,200.052,2447.24,8712.98,-2367.35,12.9035,-2341.14,389.131,5214.53,1738.05,599.901,2016.99,2448.06,0.239649,7900.0,200.0
8000000,203.994,2749.18,8712.98,-2367.63,13.1578,-2339.53,553.856,5017.23,2676.45,-459.196,443.565,708.508,0.239576,8000.0,200.0
8100000,194.478,1955.27,8712.98,-2368.15,12.544,-2344.98,452.701,3887.02,1526.08,-1383.49,-748.665,782.049,0.239015,8100.0,200.0
8200000,208.536,3082.31,8712.98,-2367.8,13.4508,-2337.58,2840.47,4825.28,1581.18,787.742,1798.31,-534.11,0.239071,8200.0,200.0
8300000,204.473,2335.4,8712.98,-2368.38,13.1887,-2342.49,-809.455,6636.93,1178.73,-1151.86,-597.276,-704.517,0.239793,8300.0,200.0
8400000,188.113,1560.12,8712.98,-2367.98,12.1335,-2347.36,1445.93,2466.34,768.078,-2003.88,73.5725,688.189,0.239908,8400.0,200.0
8500000,206.826,2252.99,8712.98,-2368.31,13.3405,-2342.72,-204.251,5148.49,1814.74,252.358,1404.23,-150.883,0.239758,8500.0,200.0
8600000,195.952,1558.58,8712.98,-2369.34,12.6391,-2348.22,1147.17,2360.03,1168.53,565.814,396.711,-1744.89,0.239535,8600.0,200.0
8700000,199.41,2198.08,8712.98,-2367.75,12.8621,-2342.93,524.675,4743.41,1326.16,518.252,1023.06,-547.824,0.238937,8700.0,200.0
8800000,196.488,1971.08,8712.98,-2368.13,12.6736,-2344.74,-1393.32,3308.48,3998.07,-1330.4,896.599,1258.59,0.239017,8800.0,200.0
8900000,210.232,2591.32,8712.98,-2367.71,13.5601,-2340.06,1723.92,4389.77,1660.27,-487.27,206.871,102.866,0.239426,8900.0,200.0
9000000,197.85,1590.96,8712.98,-2368.47,12.7615,-2347.06,-631.19,5050.16,353.913,-50.8854,976.358,288.638,0.239763,9000.0,200.0
9100000,210.681,2269.58,8712.98,-2367.71,13.5891,-2341.78,779.576,4912.9,1116.25,930.735,629.995,1072.97,0.240128,9100.0,200.0
9200000,202.863,2222.56,8712.98,-2367.04,13.0849,-2341.87,-376.563,5057.74,1986.51,510.295,1660.33,1171.81,0.239912,9200.0,200.0
9300000,210.106,1205.61,8712.98,-2368.75,13.552,-2348.64,-1768.59,6089.83,-704.42,-391.824,-710.027,565.054,0.239682,9300.0,200.0
9400000,187.601,2116.23,8712.98,-2367.87,12.1004,-2344.26,104.728,5994.52,249.435,1188.01,2765.0,-1843.58,0.239804,9400.0,200.0
9500000,202.774,1527.52,8712.98,-2368.63,13.0791,-2347.24,325.35,1704.96,2552.26,-915.752,1466.05,309.756,0.239602,9500.0,200.0
9600000,200.282,1206.02,8712.98,-2368.35,12.9183,-2348.87,-588.294,5277.36,-1071.0,31.3222,1863.52,-594.152,0.239197,9600.0,200.0
9700000,208.341,690.711,8712.98,-2368.38,13.4382,-2351.19,606.687,2212.84,-747.393,-1074.38,679.656,1050.47,0.238973,9700.0,200.0
9800000,183.857,2165.65,8712.98,-2368.31,11.8589,-2344.68,392.859,3732.29,2371.78,-728.772,-465.229,45.6821,0.238476,9800.0,200.0
9900000,188.757,1690.43,8712.98,-2368.17,12.175,-2346.81,-484.098,2369.09,3186.29,320.807,895.524,-461.701,0.23791,9900.0,200.0
10000000,195.393,759.922,8712.98,-2369.17,12.603,-2352.44,-1312.09,3440.56,151.296,371.725,888.704,-242.648,0.238207,10000.0,200.0
