TimeStep,temp,pressure,vol,pe,ke,enthalpy,pxx,pyy,pzz,pxy,pxz,pyz,visc,time,hold_temp
0,1457.1,-1227.11,11059.1,-2715.35,93.9843,-2629.84,-4872.35,-278.736,1469.76,-3400.53,323.474,-101.885,0.00100588,0.0,1550.0
100000,1529.08,-3075.74,11059.1,-2721.59,98.6269,-2644.19,955.117,-6652.14,-3530.19,-2495.24,186.609,1078.71,-0.00575068,100.0,1550.0
200000,1650.04,-2929.66,11059.1,-2724.38,106.429,-2638.18,-3746.36,-2844.2,-2198.42,-1360.57,398.605,3967.07,-0.000646425,200.0,1550.0
300000,1480.42,-991.624,11059.1,-2716.2,95.4886,-2627.55,-430.334,195.235,-2739.77,1519.63,-384.374,-929.191,0.00162094,300.0,1550.0
400000,1606.9,-1607.58,11059.1,-2712.11,103.646,-2619.56,4723.64,-3520.2,-6026.17,68.2323,1347.17,2204.92,0.00242347,400.0,1550.0
500000,1520.06,-1451.5,11059.1,-2720.97,98.0448,-2632.94,-840.011,-1956.55,-1557.95,-3914.61,2739.97,713.525,0.00244321,500.0,1550.0
600000,1552.92,-2420.94,11059.1,-2715.19,100.164,-2631.74,-4620.89,673.878,-3315.82,732.463,-890.689,-1583.81,0.00250106,600.0,1550.0
700000,1582.77,920.367,11059.1,-2712.54,102.09,-2604.1,-3567.51,3052.81,3275.8,3620.99,2260.78,1102.19,0.0033201,700.0,1550.0
800000,1605.64,-963.415,11059.1,-2709.49,103.565,-2612.57,-781.235,679.035,-2788.05,1316.39,-625.748,-3317.83,0.00328021,800.0,1550.0
900000,1556.77,-1756.34,11059.1,-2716.29,100.413,-2628.0,-3712.34,224.844,-1781.52,-2714.19,-610.744,-511.397,0.00236578,900.0,1550.0
1000000,1505.13,-1898.24,11059.1,-2723.92,97.0823,-2639.94,-1177.09,-1393.33,-3124.3,-1030.21,-1652.22,-1562.92,0.00219265,1000.0,1550.0
1100000,1519.37,-927.221,11059.1,-2714.75,98.0003,-2623.15,186.602,-524.201,-2444.06,-2121.72,-3666.56,1396.41,0.00310471,1100.0,1550.0
1200000,1503.3,-1693.2,11059.1,-2721.38,96.9642,-2636.11,-8293.49,-666.663,3880.55,-3759.71,2552.39,-2779.18,0.00234434,1200.0,1550.0
1300000,1506.73,-2804.45,11059.1,-2710.74,97.1855,-2632.91,710.557,-4151.84,-4972.08,-1925.17,4936.52,871.126,0.00238207,1300.0,1550.0
1400000,1562.13,-2809.89,11059.1,-2720.72,100.759,-2639.36,-3876.34,-2594.92,-1958.41,-2574.76,-353.193,-3922.75,0.00272432,1400.0,1550.0
1500000,1565.46,-83.7337,11059.1,-2714.03,100.974,-2613.63,-1022.23,-2709.77,3480.8,979.236,2137.15,-1076.49,0.00268601,1500.0,1550.0
1600000,1528.71,-2582.41,11059.1,-2726.94,98.603,-2646.17,-3961.78,-1591.99,-2193.47,272.95,-164.151,-1817.7,0.00276166,1600.0,1550.0
1700000,1606.7,-2243.83,11059.1,-2724.32,103.634,-2636.17,-1679.55,-1605.98,-3445.97,2221.76,-4613.6,1442.63,0.00238496,1700.0,1550.0
1800000,1560.56,589.715,11059.1,-2717.58,100.657,-2612.85,-1071.77,-646.835,3487.75,385.037,-970.501,1679.33,0.00344326,1800.0,1550.0
1900000,1428.82,-986.476,11059.1,-2715.22,92.1598,-2629.87,-2674.56,2384.93,-2669.8,4063.24,-2501.3,-1236.44,0.00342473,1900.0,1550.0
2000000,1472.6,-875.72,11059.1,-2719.73,94.9841,-2630.79,-5862.07,2668.73,566.182,2561.99,-2433.42,-1835.19,0.00321761,2000.0,1550.0
2100000,1549.53,-2582.72,11059.1,-2720.29,99.9461,-2638.17,2587.53,-4587.94,-5747.74,-1690.96,-432.555,-1678.43,0.00353375,2100.0,1550.0
2200000,1567.99,-339.848,11059.1,-2712.66,101.137,-2613.87,-3878.36,1032.65,1826.17,3084.78,-4447.98,-3686.05,0.00343422,2200.0,1550.0
2300000,1614.08,203.15,11059.1,-2716.39,104.11,-2610.88,-304.989,-159.43,1073.87,-1947.33,4591.79,1170.84,0.0035814,2300.0,1550.0
2400000,1475.8,-3274.88,11059.1,-2715.47,95.1904,-2642.88,-10306.8,1730.67,-1248.54,-2725.51,-800.694,3193.1,0.0037016,2400.0,1550.0
2500000,1511.4,-1773.97,11059.1,-2722.62,97.4863,-2637.37,-376.522,-1512.53,-3432.85,1968.31,-2583.89,3950.8,0.0036495,2500.0,1550.0
2600000,1498.08,-7284.62,11059.1,-2725.18,96.6273,-2678.83,-6435.57,-8974.3,-6444.0,-2144.88,421.331,3507.92,0.00390807,2600.0,1550.0
2700000,1494.79,-3330.95,11059.1,-2723.54,96.4152,-2650.12,-849.132,-7217.84,-1925.87,-657.075,-1011.01,-3513.06,0.00435011,2700.0,1550.0
2800000,1635.29,1009.66,11059.1,-2713.02,105.478,-2600.58,3438.94,-5345.27,4935.31,-3915.6,-1817.67,1106.25,0.00438302,2800.0,1550.0
2900000,1616.35,-251.273,11059.1,-2712.72,104.256,-2610.2,244.356,-3073.83,2075.66,-172.592,-896.207,-2632.92,0.00412511,2900.0,1550.0
3000000,1552.65,-3902.64,11059.1,-2715.07,100.147,-2641.86,1876.44,-7820.82,-5763.55,-1835.78,-2534.87,1245.2,0.00433932,3000.0,1550.0
3100000,1616.42,-84.0148,11059.1,-2714.51,104.261,-2610.83,2127.67,-1183.89,-1195.82,2101.16,-1532.52,320.926,0.00427127,3100.0,1550.0
3200000,1591.34,-1718.04,11059.1,-2714.32,102.643,-2623.54,428.494,-5429.89,-152.73,-128.452,-178.763,-2385.18,0.0042518,3200.0,1550.0
3300000,1534.1,-2077.12,11059.1,-2711.73,98.9509,-2627.11,1075.19,-3063.24,-4243.32,-2271.43,-2276.26,-2651.81,0.00434167,3300.0,1550.0
3400000,1509.25,-2792.7,11059.1,-2715.4,97.3477,-2637.33,-3547.96,-360.395,-4469.75,-380.864,410.816,-1914.99,0.00434583,3400.0,1550.0
3500000,1489.56,-3642.18,11059.1,-2726.25,96.0781,-2655.31,-3466.43,624.567,-8084.67,-2527.26,-1424.21,-1480.46,0.00461832,3500.0,1550.0
3600000,1602.37,-845.29,11059.1,-2718.31,103.354,-2620.79,1197.22,-4926.19,1193.11,-1632.62,1025.07,3836.49,0.00459342,3600.0,1550.0
3700000,1604.57,-3534.25,11059.1,-2720.68,103.496,-2641.58,-3484.6,-2753.21,-4364.96,-2096.12,1165.18,-3443.16,0.00456239,3700.0,1550.0
3800000,1482.96,-105.351,11059.1,-2706.24,95.652,-2611.32,-423.048,3003.64,-2896.65,1029.85,2921.45,-3059.79,0.00446607,3800.0,1550.0
3900000,1535.39,709.572,11059.1,-2712.72,99.0336,-2608.79,2371.86,-1680.3,1437.15,2996.27,-3279.51,471.227,0.00450927,3900.0,1550.0
4000000,1596.92,-658.078,11059.1,-2718.13,103.003,-2619.67,1063.7,-3962.98,925.04,-652.365,448.575,-26.6151,0.00460028,4000.0,1550.0
4100000,1598.24,-2785.47,11059.1,-2715.73,103.088,-2631.87,-7617.25,-616.741,-122.418,-1321.82,867.713,-425.481,0.00451163,4100.0,1550.0
4200000,1504.29,-4413.47,11059.1,-2725.64,97.0279,-2659.08,-5184.66,-1518.19,-6537.55,-1153.84,1990.66,-859.996,0.00447439,4200.0,1550.0
4300000,1516.27,-1224.7,11059.1,-2724.16,97.8005,-2634.81,-1752.24,-1147.98,-773.879,129.116,1446.6,2806.21,0.00450844,4300.0,1550.0
4400000,1534.08,-3299.27,11059.1,-2721.17,98.9491,-2644.99,-1791.87,-4303.29,-3802.66,-2632.05,2552.24,2272.41,0.00441349,4400.0,1550.0
4500000,1612.06,-1672.91,11059.1,-2719.88,103.979,-2627.45,-3208.93,1506.32,-3316.12,1103.18,581.251,-438.546,0.00445107,4500.0,1550.0
4600000,1589.79,-88.9997,11059.1,-2716.55,102.543,-2614.62,-1618.04,1335.99,15.0563,-692.189,-3412.02,-3357.1,0.00447593,4600.0,1550.0
4700000,1486.55,-3621.59,11059.1,-2723.11,95.8838,-2652.23,-6422.18,-8138.58,3695.98,-1221.08,3110.86,-1843.23,0.00441059,4700.0,1550.0
4800000,1514.62,-3467.96,11059.1,-2719.94,97.6945,-2646.18,-7059.49,1452.26,-4796.64,-4053.5,-831.517,-3210.46,0.00437522,4800.0,1550.0
4900000,1598.42,377.171,11059.1,-2707.69,103.1,-2601.99,4167.73,-1275.73,-1760.49,-5306.28,-1517.0,-2347.04,0.00434567,4900.0,1550.0
5000000,1564.71,-3618.48,11059.1,-2725.36,100.925,-2649.41,-1782.64,-3586.42,-5486.38,-1488.48,821.271,-506.732,0.00425874,5000.0,1550.0
5100000,1604.77,-3056.74,11059.1,-2722.17,103.509,-2639.76,-1324.98,-3673.68,-4171.54,107.377,4689.67,72.7173,0.00422191,5100.0,1550.0
5200000,1580.23,-3798.19,11059.1,-2723.51,101.926,-2647.8,-1951.6,-5692.14,-3750.81,133.162,-2992.9,52.2711,0.00419238,5200.0,1550.0
5300000,1471.62,1703.48,11059.1,-2708.26,94.9204,-2601.58,3988.77,-3815.62,4937.29,-1897.46,3016.77,2260.14,0.00419274,5300.0,1550.0
5400000,1461.72,-1670.32,11059.1,-2719.62,94.2819,-2636.87,-5018.28,-2390.47,2397.8,-2096.43,1165.66,-3041.8,0.0041752,5400.0,1550.0
5500000,1474.22,-3464.34,11059.1,-2722.36,95.0886,-2651.18,-550.702,-2975.63,-6866.7,1164.29,167.063,1545.47,0.00416587,5500.0,1550.0
5600000,1567.53,-4832.42,11059.1,-2721.38,101.107,-2653.63,-6494.48,-935.496,-7067.29,3002.6,-2470.89,288.557,0.00420742,5600.0,1550.0
5700000,1543.78,-3621.06,11059.1,-2724.01,99.5748,-2649.43,-3671.07,-5335.01,-1857.09,-1125.03,-522.925,2180.15,0.00408675,5700.0,1550.0
5800000,1531.09,-800.896,11059.1,-2709.79,98.7567,-2616.56,-4857.23,-1716.94,4171.49,5553.05,517.794,1194.13,0.00403234,5800.0,1550.0
5900000,1603.02,-1745.45,11059.1,-2721.68,103.396,-2630.34,2630.08,-8596.1,729.658,257.02,-101.282,-117.19,0.0040346,5900.0,1550.0
6000000,1516.75,-2437.71,11059.1,-2720.08,97.8313,-2639.08,2084.0,-4325.38,-5071.74,-2716.1,-2329.54,-2450.59,0.00400228,6000.0,1550.0
6100000,1595.03,-3719.54,11059.1,-2729.36,102.881,-2652.15,-2026.11,-4995.29,-4137.23,-1966.16,-3061.59,-1660.8,0.00400127,6100.0,1550.0
6200000,1510.1,-1622.9,11059.1,-2717.94,97.4027,-2631.74,-725.421,-2490.61,-1652.66,-2694.65,3639.06,6012.84,0.00407052,6200.0,1550.0
6300000,1616.29,-910.951,11059.1,-2720.07,104.252,-2622.1,-769.31,-3371.01,1407.46,-5968.39,3007.65,471.962,0.00399859,6300.0,1550.0
6400000,1535.41,-2407.72,11059.1,-2721.94,99.0354,-2639.52,-5303.73,-401.861,-1517.57,3080.87,-40.1959,423.717,0.00402172,6400.0,1550.0
6500000,1494.22,-2604.11,11059.1,-2714.82,96.3783,-2636.41,2158.76,-2376.77,-7594.31,982.508,-3897.03,-373.706,0.00412609,6500.0,1550.0
6600000,1525.17,-1297.74,11059.1,-2715.74,98.3748,-2626.32,-4717.26,832.965,-8.91595,4210.28,-887.111,1312.65,0.00424465,6600.0,1550.0
6700000,1505.14,-4111.23,11059.1,-2714.92,97.0825,-2646.22,-3635.96,-6155.86,-2541.88,-867.199,790.554,952.482,0.0041254,6700.0,1550.0
6800000,1618.65,1041.57,11059.1,-2706.91,104.404,-2595.32,2935.98,1134.32,-945.601,-246.632,-974.682,-2865.23,0.00412739,6800.0,1550.0
6900000,1534.31,-3086.89,11059.1,-2720.3,98.9645,-2642.64,-5145.61,-80.0129,-4035.05,-623.376,2902.07,871.589,0.0041997,6900.0,1550.0
7000000,1561.15,-4699.61,11059.1,-2724.49,100.696,-2656.23,-4585.82,-1577.57,-7935.44,850.678,-2510.64,201.285,0.00427413,7000.0,1550.0
7100000,1574.69,-2038.27,11059.1,-2720.76,101.569,-2633.26,-2471.0,-398.137,-3245.68,-1713.65,1738.19,594.127,0.00417913,7100.0,1550.0
7200000,1564.22,-3252.62,11059.1,-2723.55,100.893,-2645.11,-2174.14,-3189.75,-4393.97,1085.1,307.821,-1479.46,0.00416328,7200.0,1550.0
7300000,1478.77,-3473.64,11059.1,-2717.99,95.382,-2646.58,-7760.46,-2244.9,-415.575,-4320.48,-150.436,-2217.7,0.00415771,7300.0,1550.0
7400000,1639.4,-3718.45,11059.1,-2720.8,105.742,-2640.72,-2183.71,-4886.12,-4085.52,-225.129,-224.819,-847.682,0.0040891,7400.0,1550.0
7500000,1467.9,-4371.12,11059.1,-2720.31,94.6805,-2655.8,-2145.92,-8073.02,-2894.42,4889.46,1887.1,-1605.93,0.0040762,7500.0,1550.0
7600000,1649.82,-2380.49,11059.1,-2722.55,106.415,-2632.56,-666.002,-8231.45,1755.99,332.745,5924.4,-398.3,0.00418286,7600.0,1550.0
7700000,1502.31,-1438.05,11059.1,-2720.79,96.9001,-2633.82,-4260.72,1222.54,-1275.95,776.351,-1749.98,-833.553,0.00422372,7700.0,1550.0
7800000,1528.96,-266.003,11059.1,-2717.1,98.6189,-2620.32,8530.67,-9424.59,95.9119,-304.876,2599.16,745.633,0.00425773,7800.0,1550.0
7900000,1608.03,156.407,11059.1,-2721.62,103.719,-2616.82,-665.06,585.602,548.678,-1256.71,1725.98,-60.8831,0.00413927,7900.0,1550.0
8000000,1507.68,-2953.45,11059.1,-2714.83,97.2469,-2637.97,-3784.32,-5930.76,854.731,-1336.81,557.55,2069.76,0.00424121,8000.0,1550.0
8100000,1579.12,-693.677,11059.1,-2714.92,101.854,-2617.85,-3797.87,2842.15,-1125.3,-6998.54,-1192.71,-3256.73,0.00431739,8100.0,1550.0
8200000,1536.34,-305.88,11059.1,-2712.02,99.0955,-2615.03,-5133.56,1553.88,2662.04,2461.74,-1770.95,3878.64,0.00424402,8200.0,1550.0
8300000,1564.65,-1703.93,11059.1,-2714.04,100.921,-2624.88,-3996.84,-1747.62,632.662,221.719,-3498.98,2150.62,0.00425251,8300.0,1550.0
8400000,1478.84,-912.677,11059.1,-2711.27,95.3865,-2622.19,-987.972,-547.542,-1202.52,938.665,2383.3,-936.526,0.00424092,8400.0,1550.0
8500000,1547.25,-3189.22,11059.1,-2720.99,99.7991,-2643.21,-8692.75,-1137.42,262.508,-1891.75,-1179.02,1338.9,0.00419705,8500.0,1550.0
8600000,1535.19,-1166.31,11059.1,-2718.66,99.0211,-2627.69,1811.97,-1787.61,-3523.29,-697.05,-1504.42,4919.79,0.00415938,8600.0,1550.0
8700000,1500.65,-2839.35,11059.1,-2721.95,96.793,-2644.76,-4838.02,957.34,-4637.37,-22.5317,1114.51,935.737,0.00417297,8700.0,1550.0
8800000,1538.33,-7.49986,11059.1,-2715.42,99.2236,-2616.25,-7487.29,3554.88,3909.91,-926.101,563.713,-97.3034,0.00414531,8800.0,1550.0
8900000,1529.18,-3801.86,11059.1,-2721.39,98.6333,-2649.0,-7275.3,612.993,-4743.28,3010.72,2024.44,-477.64,0.0041056,8900.0,1550.0
9000000,1466.22,-3189.3,11059.1,-2717.3,94.5727,-2644.74,-4383.31,-3683.78,-1500.82,1999.3,-1684.04,-3019.59,0.00404948,9000.0,1550.0
9100000,1665.66,-2692.89,11059.1,-2720.83,107.437,-2631.98,219.098,-7556.8,-740.984,-718.352,-786.397,2648.29,0.00402219,9100.0,1550.0
9200000,1556.32,-2524.2,11059.1,-2719.82,100.384,-2636.86,1920.54,-2417.12,-7076.02,594.287,-5016.33,-2357.77,0.00405719,9200.0,1550.0
9300000,1570.64,-5446.24,11059.1,-2725.17,101.307,-2661.46,-2527.1,-7704.11,-6107.51,1416.58,-1936.97,2149.07,0.00405644,9300.0,1550.0
9400000,1563.67,-247.125,11059.1,-2709.7,100.858,-2610.55,1872.26,-1031.65,-1581.99,752.07,-381.644,1254.79,0.00408012,9400.0,1550.0
9500000,1631.42,-565.706,11059.1,-2714.98,105.228,-2613.66,2740.11,-3898.0,-539.228,1010.89,2364.25,-2866.97,0.00411866,9500.0,1550.0
9600000,1507.5,-3020.39,11059.1,-2720.07,97.235,-2643.68,-3117.8,-1133.38,-4809.99,145.982,-2210.46,-164.771,0.00414718,9600.0,1550.0
9700000,1557.38,-187.077,11059.1,-2710.03,100.452,-2610.87,2669.29,-689.517,-2541.01,-1214.01,1731.82,1529.22,0.0041239,9700.0,1550.0
9800000,1510.3,-623.281,11059.1,-2712.18,97.4154,-2619.07,-2029.34,-1697.93,1857.43,-36.7352,-85.0827,-957.146,0.00410408,9800.0,1550.0
9900000,1569.66,-1345.61,11059.1,-2717.68,101.244,-2625.72,-3069.23,336.077,-1303.68,-1213.24,-2753.64,-164.59,0.00407683,9900.0,1550.0
10000000,1531.25,-4617.72,11059.1,-2727.26,98.7669,-2660.36,-1082.03,-9974.75,-2796.38,-3785.83,1282.01,-942.082,0.00412155,10000.0,1550.0
