TimeStep,temp,pressure,vol,pe,ke,enthalpy,pxx,pyy,pzz,pxy,pxz,pyz,visc,time,hold_temp
0,1209.65,1070.84,10840.2,-2766.02,78.0235,-2680.75,4983.65,-1865.4,94.2513,-1493.59,-1161.89,1772.14,0.000764809,0.0,1150.0
100000,1138.97,-63.0728,10840.2,-2764.35,73.4645,-2691.31,-2537.24,1598.3,749.723,-1683.81,2682.7,-225.733,-0.0266603,100.0,1150.0
200000,1142.41,1619.48,10840.2,-2769.43,73.6865,-2684.79,4231.92,-811.694,1438.22,-2296.77,1878.91,1062.2,0.0193015,200.0,1150.0
300000,1187.3,1724.97,10840.2,-2765.09,76.5818,-2676.84,4691.55,-208.248,691.606,-1514.96,-1395.82,-6340.48,0.0118693,300.0,1150.0
400000,1214.26,-110.307,10840.2,-2767.88,78.3208,-2690.31,-323.799,1011.62,-1018.74,2659.53,429.078,-3157.82,0.00978116,400.0,1150.0
500000,1132.12,-524.664,10840.2,-2769.68,73.0227,-2700.21,-1283.42,-1664.2,1373.62,1527.06,3980.95,953.026,0.00643565,500.0,1150.0
600000,1090.44,3288.02,10840.2,-2762.62,70.334,-2670.04,2451.57,5924.25,1488.25,-2110.44,-28.6619,984.007,0.00735671,600.0,1150.0
700000,1158.2,4319.27,10840.2,-2759.0,74.705,-2655.07,1572.3,5970.69,5414.82,-2910.58,-477.653,1431.53,0.00797625,700.0,1150.0
800000,1102.9,1914.87,10840.2,-2764.6,71.1379,-2680.51,1217.28,1065.6,3461.73,702.794,448.366,-2336.98,0.00951434,800.0,1150.0
900000,1121.61,2519.91,10840.2,-2761.79,72.3449,-2672.4,491.06,1944.79,5123.87,373.26,4207.34,-890.212,0.00879433,900.0,1150.0
1000000,1208.22,1156.58,10840.2,-2763.71,77.9313,-2677.96,1204.35,1487.28,778.124,-1381.01,-2869.83,-476.126,0.00916123,1000.0,1150.0
1100000,1143.92,1529.52,10840.2,-2762.12,73.7841,-2677.98,2690.93,970.243,927.392,1703.33,1139.84,-1272.12,0.0088781,1100.0,1150.0
1200000,1127.08,-29.2129,10840.2,-2771.32,72.6978,-2698.82,-1643.43,-310.74,1866.53,1398.65,-281.658,3991.79,0.0118129,1200.0,1150.0
1300000,1165.15,1857.49,10840.2,-2762.21,75.1531,-2674.49,970.115,587.641,4014.73,-2124.92,10.0613,-1296.96,0.010791,1300.0,1150.0
1400000,1140.06,-1127.62,10840.2,-2770.28,73.5349,-2704.38,1801.36,-2685.35,-2498.88,-1055.82,-454.101,66.112,0.010943,1400.0,1150.0
1500000,1037.91,-567.036,10840.2,-2769.14,66.9463,-2706.03,3350.11,946.956,-5998.18,1070.78,1334.77,5998.94,0.0108933,1500.0,1150.0
1600000,1152.88,-334.242,10840.2,-2772.54,74.3615,-2700.44,4307.07,-3614.09,-1695.7,-915.433,-10.3006,-2748.8,0.0117475,1600.0,1150.0
1700000,1121.15,-1425.14,10840.2,-2769.51,72.3151,-2706.84,-4990.97,2999.7,-2284.14,-52.2659,1381.52,2104.82,0.0100613,1700.0,1150.0
1800000,1124.76,1139.49,10840.2,-2764.14,72.5482,-2683.88,-607.638,1509.67,2516.43,2145.43,1009.13,2550.82,0.0108086,1800.0,1150.0
1900000,1209.14,644.517,10840.2,-2770.31,77.9906,-2687.95,1326.59,1733.88,-1126.92,-2598.8,965.411,-808.312,0.0102838,1900.0,1150.0
2000000,1120.24,2060.02,10840.2,-2765.74,72.2563,-2679.55,1749.81,-821.572,5251.81,-264.928,3191.09,-164.568,0.00969726,2000.0,1150.0
2100000,1138.96,-1425.54,10840.2,-2764.64,73.4639,-2700.83,2717.13,-5669.35,-1324.41,-2160.62,-2056.86,169.963,0.00957481,2100.0,1150.0
2200000,1155.53,1020.64,10840.2,-2766.68,74.5329,-2685.24,-397.604,1537.65,1921.88,-990.783,-839.297,671.814,0.00912243,2200.0,1150.0
2300000,1100.02,-450.87,10840.2,-2771.5,70.9525,-2703.6,-187.142,188.563,-1354.03,2538.77,-5473.74,-652.025,0.00941978,2300.0,1150.0
2400000,1134.19,519.406,10840.2,-2763.27,73.1563,-2686.6,1856.17,-1428.84,1130.88,935.077,-1847.05,-2052.13,0.011513,2400.0,1150.0
2500000,1088.94,1155.68,10840.2,-2773.47,70.2373,-2695.42,5072.38,1647.99,-3253.34,1477.06,-1842.97,-559.084,0.0126748,2500.0,1150.0
2600000,1119.68,2803.86,10840.2,-2761.77,72.2203,-2670.58,-1271.84,6031.14,3652.29,-2740.66,749.155,-63.5639,0.0122341,2600.0,1150.0
2700000,1212.36,-1651.41,10840.2,-2770.23,78.1979,-2703.21,-2625.09,-2588.19,259.043,610.062,-4587.53,-1394.28,0.0122886,2700.0,1150.0
2800000,1212.88,2758.26,10840.2,-2762.33,78.2317,-2665.44,4733.68,-1.61343,3542.71,-678.004,4680.58,1962.84,0.0118759,2800.0,1150.0
2900000,1172.33,-851.024,10840.2,-2769.01,75.6162,-2699.15,-3885.62,-697.05,2029.6,-1324.41,267.46,-3463.16,0.0117353,2900.0,1150.0
3000000,1138.08,1654.98,10840.2,-2762.98,73.4069,-2678.38,2145.43,4602.69,-1783.19,-2708.24,-2095.27,289.741,0.0115651,3000.0,1150.0
3100000,1193.57,346.533,10840.2,-2769.98,76.9865,-2690.65,-484.401,1514.69,9.31234,-3110.12,-3357.07,-2166.04,0.01133,3100.0,1150.0
3200000,1163.99,-136.789,10840.2,-2770.0,75.078,-2695.85,-1369.94,-2268.89,3228.46,347.822,1037.09,-2648.59,0.0117982,3200.0,1150.0
3300000,1147.18,-346.528,10840.2,-2763.9,73.9939,-2692.25,-1523.68,-500.465,984.564,-367.776,-1747.22,-434.542,0.0118469,3300.0,1150.0
3400000,1114.95,-895.338,10840.2,-2769.86,71.9149,-2704.0,-1772.7,2673.95,-3587.27,503.688,-747.968,2147.9,0.0118545,3400.0,1150.0
3500000,1123.24,-1445.22,10840.2,-2762.92,72.45,-2700.25,-2118.58,-3093.29,876.208,2243.11,-414.324,2812.61,0.0119435,3500.0,1150.0
3600000,1178.64,623.125,10840.2,-2766.27,76.0232,-2686.03,2797.76,-1627.3,698.911,-1697.37,-1348.42,-1640.16,0.0117393,3600.0,1150.0
3700000,1111.71,629.488,10840.2,-2765.73,71.706,-2689.77,3322.35,687.625,-2121.51,1842.83,-188.968,2560.42,0.0118359,3700.0,1150.0
3800000,1150.86,-1494.49,10840.2,-2773.64,74.2312,-2709.52,-2878.81,-301.263,-1303.39,2900.88,-1387.69,1343.32,0.0120933,3800.0,1150.0
3900000,1131.0,579.613,10840.2,-2763.25,72.9506,-2686.38,2384.05,-1654.34,1009.13,1894.45,-2741.25,-128.334,0.0120681,3900.0,1150.0
4000000,1088.19,-732.393,10840.2,-2768.92,70.1893,-2703.69,-1381.26,159.608,-975.526,77.5611,-1668.71,301.557,0.0116326,4000.0,1150.0
4100000,1145.23,-1323.07,10840.2,-2769.83,73.8682,-2704.92,803.943,792.985,-5566.13,-723.666,-3813.93,5895.9,0.0121744,4100.0,1150.0
4200000,1144.9,-1110.37,10840.2,-2768.27,73.8468,-2701.94,-766.816,-2902.17,337.889,-651.776,-2013.1,19.2465,0.0120519,4200.0,1150.0
4300000,1149.82,946.727,10840.2,-2762.14,74.1642,-2681.57,-343.782,892.893,2291.07,-319.261,-457.174,3283.89,0.0123257,4300.0,1150.0
4400000,1114.49,3.56934,10840.2,-2768.05,71.8853,-2696.14,-3167.58,3741.34,-563.047,289.951,2802.6,-390.659,0.0124278,4400.0,1150.0
4500000,1137.07,-1360.42,10840.2,-2774.43,73.3423,-2710.29,-104.525,-2061.22,-1915.51,-2692.76,976.693,-3183.0,0.012546,4500.0,1150.0
4600000,1241.14,1408.89,10840.2,-2763.74,80.0547,-2674.16,-431.652,3553.94,1104.37,-1269.91,2412.03,-1547.79,0.0127776,4600.0,1150.0
4700000,1095.09,1269.86,10840.2,-2770.12,70.6341,-2690.89,4071.55,-2442.63,2180.66,1794.48,2139.25,-2514.81,0.0124275,4700.0,1150.0
4800000,1175.86,-89.8048,10840.2,-2764.59,75.8442,-2689.35,1052.89,1051.11,-2373.42,-1803.45,2080.57,-2564.09,0.0122134,4800.0,1150.0
4900000,1152.0,1293.92,10840.2,-2764.73,74.3047,-2681.67,4479.77,2918.77,-3516.77,1392.45,2359.95,-3072.24,0.0124728,4900.0,1150.0
5000000,1161.07,1888.34,10840.2,-2767.49,74.8896,-2679.82,4079.84,-171.738,1756.92,-831.183,343.247,-665.261,0.0125792,5000.0,1150.0
5100000,1182.87,-1926.78,10840.2,-2769.24,76.296,-2705.98,-3118.0,-1832.37,-829.974,-3301.49,2001.32,-915.106,0.0129279,5100.0,1150.0
5200000,1148.33,241.272,10840.2,-2767.82,74.068,-2692.12,-1795.0,5088.89,-2570.07,1570.85,-76.4468,-1285.98,0.0124769,5200.0,1150.0
5300000,1174.44,322.473,10840.2,-2769.4,75.7525,-2691.46,3373.5,-520.275,-1885.81,1624.81,-1183.21,-1353.22,0.0125073,5300.0,1150.0
5400000,1087.93,29.6632,10840.2,-2771.79,70.1723,-2701.41,3219.34,-5477.25,2346.9,-2039.99,1575.67,2603.31,0.012519,5400.0,1150.0
5500000,1092.61,326.263,10840.2,-2767.75,70.4743,-2695.07,-650.34,724.575,904.554,-2443.53,-5262.95,-1641.76,0.0126435,5500.0,1150.0
5600000,1150.21,1459.8,10840.2,-2764.91,74.1895,-2680.84,4462.17,-214.254,131.478,1740.52,3649.61,-656.867,0.0128834,5600.0,1150.0
5700000,1155.87,-62.3169,10840.2,-2770.5,74.5543,-2696.37,4437.5,58.1861,-4682.64,2429.81,1535.99,-2062.82,0.0137963,5700.0,1150.0
5800000,1179.86,2163.39,10840.2,-2758.07,76.1022,-2667.33,675.696,80.964,5733.52,1642.31,-164.191,-285.669,0.013833,5800.0,1150.0
5900000,1178.19,1516.7,10840.2,-2768.49,75.9939,-2682.24,5696.44,-351.254,-795.067,973.01,-538.701,381.653,0.0139941,5900.0,1150.0
6000000,1134.46,2019.78,10840.2,-2761.92,73.1735,-2675.08,3002.56,-680.704,3737.49,1111.15,49.8901,-458.237,0.0146351,6000.0,1150.0
6100000,1061.01,-311.635,10840.2,-2764.15,68.4363,-2697.82,1644.58,-2971.72,392.242,195.825,4583.56,-1859.73,0.014505,6100.0,1150.0
6200000,1051.44,-2156.7,10840.2,-2770.04,67.8186,-2716.82,-5706.73,-1152.83,389.468,1661.41,-546.418,-1090.4,0.0145198,6200.0,1150.0
6300000,1175.22,664.173,10840.2,-2767.58,75.8026,-2687.29,867.703,1772.21,-647.39,-1690.34,373.097,-1517.18,0.0146865,6300.0,1150.0
6400000,1221.37,-207.391,10840.2,-2767.13,78.7795,-2689.75,638.565,-3940.31,2679.57,-1132.08,1092.87,231.54,0.0145139,6400.0,1150.0
6500000,1143.24,-572.731,10840.2,-2765.99,73.7397,-2696.13,-1582.19,276.249,-412.253,925.624,-3989.5,1977.21,0.0144206,6500.0,1150.0
6600000,1126.97,122.594,10840.2,-2766.66,72.6908,-2693.14,-4447.61,6876.03,-2060.63,-1452.61,-965.692,2639.49,0.0141207,6600.0,1150.0
6700000,1102.94,840.78,10840.2,-2765.18,71.1405,-2688.36,1033.64,560.186,928.516,267.619,-789.112,-2964.27,0.0140248,6700.0,1150.0
6800000,1147.19,-208.287,10840.2,-2767.79,73.9946,-2695.21,-2056.13,410.8,1020.47,1887.06,657.83,-1175.38,0.0144979,6800.0,1150.0
6900000,1168.2,544.472,10840.2,-2767.7,75.3498,-2688.67,-3206.98,4305.86,534.537,451.451,-2675.07,-779.083,0.014167,6900.0,1150.0
7000000,1164.33,-1162.58,10840.2,-2770.87,75.1002,-2703.63,-2413.21,-423.761,-650.778,2669.14,3105.75,45.8919,0.0139189,7000.0,1150.0
7100000,1176.26,-418.384,10840.2,-2768.11,75.8698,-2695.07,3231.35,-4.79178,-4481.71,-513.781,-836.524,-143.963,0.013756,7100.0,1150.0
7200000,1191.81,295.469,10840.2,-2769.44,76.8725,-2690.57,2662.2,-2490.97,715.178,-940.328,-3823.59,-1287.22,0.0136917,7200.0,1150.0
7300000,1136.78,192.991,10840.2,-2769.85,73.3235,-2695.22,-858.365,-3026.62,4463.95,1652.64,2806.84,-1708.69,0.0137096,7300.0,1150.0
7400000,1115.75,2170.99,10840.2,-2761.35,71.9669,-2674.7,302.099,3062.9,3147.96,64.7686,2219.11,3196.36,0.0136433,7400.0,1150.0
7500000,1163.46,2617.65,10840.2,-2763.66,75.0443,-2670.9,4247.52,1323.21,2282.2,-1079.33,2683.7,1276.97,0.0135815,7500.0,1150.0
7600000,1225.87,781.782,10840.2,-2767.99,79.0695,-2683.63,4879.04,-2563.41,29.7154,-91.3912,1601.57,-23.2473,0.0136434,7600.0,1150.0
7700000,1160.72,-18.4895,10840.2,-2770.64,74.8673,-2695.9,-1589.28,-635.526,2169.34,1375.66,1772.66,1289.03,0.0140072,7700.0,1150.0
7800000,1132.11,-662.27,10840.2,-2766.64,73.0219,-2698.1,-1227.98,-148.78,-610.053,446.175,2263.9,3234.46,0.0141112,7800.0,1150.0
7900000,1249.62,-1963.32,10840.2,-2779.05,80.6015,-2711.73,-2923.63,-767.009,-2199.33,-1059.2,373.923,1427.4,0.0147937,7900.0,1150.0
8000000,1173.96,1567.48,10840.2,-2762.98,75.7213,-2676.65,-574.91,2535.15,2742.21,-3160.87,618.893,597.759,0.0147938,8000.0,1150.0
8100000,1151.93,1076.73,10840.2,-2764.94,74.3007,-2683.36,3794.92,2427.05,-2991.78,2631.78,-1627.19,-1631.95,0.0148726,8100.0,1150.0
8200000,1177.01,-182.45,10840.2,-2772.74,75.918,-2698.06,-1373.45,2431.87,-1605.77,-2679.43,-180.521,18.3363,0.0146879,8200.0,1150.0
8300000,1149.23,71.3213,10840.2,-2766.84,74.1262,-2692.23,1159.0,-2008.23,1063.19,-2387.88,-672.249,423.139,0.0146231,8300.0,1150.0
8400000,1148.66,898.823,10840.2,-2767.27,74.0895,-2687.1,4019.94,-1813.65,490.185,-1394.58,-1017.99,-612.61,0.0146167,8400.0,1150.0
8500000,1203.09,83.128,10840.2,-2768.92,77.6003,-2690.76,-23.31,-1081.27,1353.97,-3118.45,-1187.49,1449.82,0.0144102,8500.0,1150.0
8600000,1112.85,1023.75,10840.2,-2764.06,71.7798,-2685.35,-722.967,2359.02,1435.21,-2238.68,-3338.32,38.0139,0.0143006,8600.0,1150.0
8700000,1115.24,-922.188,10840.2,-2769.9,71.9336,-2704.21,-1076.5,-2605.14,915.071,-10.676,-3289.81,650.107,0.0140676,8700.0,1150.0
8800000,1142.23,3162.85,10840.2,-2760.2,73.6748,-2665.12,2961.01,893.351,5634.2,2608.35,-111.685,1177.59,0.0138383,8800.0,1150.0
8900000,1185.04,1268.06,10840.2,-2770.43,76.4358,-2685.41,2535.02,-1454.0,2723.16,-2016.62,-3945.87,-1861.75,0.0141034,8900.0,1150.0
9000000,1211.14,-717.005,10840.2,-2765.12,78.1195,-2691.85,-86.2742,-1076.22,-988.525,1775.99,-2655.0,-2097.81,0.0138873,9000.0,1150.0
9100000,1165.58,1743.53,10840.2,-2767.61,75.1808,-2680.63,-2661.24,7248.08,643.758,652.608,2161.95,191.913,0.0139969,9100.0,1150.0
9200000,1102.46,948.926,10840.2,-2764.97,71.1098,-2687.44,5510.77,-1547.98,-1116.01,-1041.66,-3232.5,847.277,0.0141581,9200.0,1150.0
9300000,1147.98,907.001,10840.2,-2764.26,74.0456,-2684.08,1480.64,-2661.28,3901.65,1113.46,-156.643,-2077.9,0.0139802,9300.0,1150.0
9400000,1193.65,473.407,10840.2,-2764.16,76.9915,-2683.97,1075.85,-693.868,1038.24,-458.994,-114.242,4580.23,0.0139905,9400.0,1150.0
9500000,1185.72,1384.59,10840.2,-2766.68,76.4797,-2680.83,-2265.08,-1934.19,8353.04,958.803,-1745.51,841.199,0.0142027,9500.0,1150.0
9600000,1081.33,-604.499,10840.2,-2767.43,69.7468,-2701.77,-2954.68,1348.2,-207.016,2519.55,-401.219,2639.61,0.0141153,9600.0,1150.0
9700000,1194.58,-1089.75,10840.2,-2769.48,77.0515,-2699.81,2324.99,-81.6104,-5512.63,337.491,-1072.55,-2203.42,0.0142963,9700.0,1150.0
9800000,1209.69,2562.32,10840.2,-2762.92,78.0259,-2667.56,1069.05,4869.81,1748.08,-2880.05,-722.656,-22.0895,0.0140845,9800.0,1150.0
9900000,1183.57,2584.67,10840.2,-2765.3,76.3411,-2671.47,257.972,7176.8,319.242,1511.11,-3088.18,2710.98,0.0140815,9900.0,1150.0
10000000,1113.01,278.081,10840.2,-2767.58,71.7899,-2693.91,3246.91,-1219.6,-1193.07,-1622.14,-2402.16,594.43,0.0139812,10000.0,1150.0
