TimeStep,temp,pressure,vol,pe,ke,enthalpy,pxx,pyy,pzz,pxy,pxz,pyz,visc,time,hold_temp
0,1545.4,-5306.8,7313.79,-2731.9,99.6793,-2656.44,-5333.69,1396.61,-11983.3,91.7532,-6792.15,-2292.31,0.00283609,0.0,1600.0
100000,1619.25,-3068.27,7313.79,-2728.38,104.443,-2637.94,-545.735,-3748.18,-4910.88,597.257,-701.936,-1934.94,0.131867,100.0,1600.0
200000,1618.38,-5581.67,7313.79,-2728.82,104.387,-2649.91,-2249.56,-5030.36,-9465.1,-4542.79,6878.86,-2238.02,0.016735,200.0,1600.0
300000,1626.37,-3573.0,7313.79,-2726.88,104.902,-2638.29,-1088.78,-6367.42,-3262.79,117.538,2382.06,695.194,0.0151504,300.0,1600.0
400000,1645.66,4782.29,7313.79,-2714.02,106.147,-2586.04,8697.95,1280.17,4368.75,-5620.84,1223.32,2233.54,0.0159012,400.0,1600.0
500000,1637.86,252.872,7313.79,-2720.07,105.643,-2613.27,3193.13,3914.02,-6348.53,-4540.03,611.982,-6156.13,0.0135378,500.0,1600.0
600000,1492.13,-2911.64,7313.79,-2720.91,96.2437,-2637.95,-10709.1,5746.16,-3771.95,-3560.12,-2044.62,6709.2,0.0173677,600.0,1600.0
700000,1655.31,-2705.99,7313.79,-2726.01,106.769,-2631.59,1380.19,-2842.39,-6655.77,4462.48,9591.41,57.0591,0.0157297,700.0,1600.0
800000,1472.0,-7324.66,7313.79,-2730.82,94.9453,-2669.32,-8154.49,-623.244,-13196.3,3872.57,2415.52,5859.38,0.0128699,800.0,1600.0
900000,1671.61,494.935,7313.79,-2716.7,107.82,-2606.62,-10533.9,10297.2,1721.5,4192.9,2197.84,-2537.36,0.00991563,900.0,1600.0
1000000,1559.91,-4643.84,7313.79,-2723.3,100.615,-2643.88,-5271.88,-8045.12,-614.536,-3296.24,3107.49,-1670.4,0.0118412,1000.0,1600.0
1100000,1566.57,-5072.51,7313.79,-2732.07,101.045,-2654.18,-5054.18,-1597.51,-8565.84,865.46,29.7206,-3763.03,0.011128,1100.0,1600.0
1200000,1541.4,-3303.25,7313.79,-2725.54,99.4216,-2641.2,3035.47,-9008.36,-3936.87,4732.84,-1485.36,2824.05,0.0116128,1200.0,1600.0
1300000,1738.22,332.679,7313.79,-2723.56,112.117,-2609.93,-4333.93,1944.05,3387.92,-6199.75,-1196.79,2690.38,0.0150873,1300.0,1600.0
1400000,1595.69,399.324,7313.79,-2717.3,102.923,-2612.55,-1781.03,9024.96,-6045.95,6396.11,452.018,4490.59,0.0155718,1400.0,1600.0
1500000,1541.44,-4960.57,7313.79,-2726.08,99.424,-2649.3,-4921.6,-1130.69,-8829.41,-4281.24,-2096.2,-844.995,0.0174456,1500.0,1600.0
1600000,1521.58,-3062.74,7313.79,-2723.46,98.143,-2639.3,-9843.61,-10798.1,11453.5,-3030.14,-4778.02,-5349.8,0.0159571,1600.0,1600.0
1700000,1599.54,-651.947,7313.79,-2719.38,103.171,-2619.19,-6338.42,425.987,3956.59,-2501.33,2229.48,2526.19,0.0163626,1700.0,1600.0
1800000,1586.77,-5664.05,7313.79,-2729.48,102.348,-2652.99,-2877.24,-3453.71,-10661.2,-598.145,-3157.57,5075.2,0.0153316,1800.0,1600.0
1900000,1513.29,-1205.17,7313.79,-2725.85,97.6084,-2633.74,-5323.59,-488.283,2196.35,5235.66,-5424.11,-5529.56,0.0142735,1900.0,1600.0
2000000,1611.62,1263.13,7313.79,-2717.44,103.951,-2607.72,647.382,-4314.64,7456.66,2640.63,7095.07,4376.95,0.0140257,2000.0,1600.0
2100000,1658.86,-1637.67,7313.79,-2727.85,106.998,-2628.33,2204.97,-7464.37,346.393,2428.88,-901.467,-960.946,0.0146894,2100.0,1600.0
2200000,1654.86,2903.84,7313.79,-2716.11,106.74,-2596.12,-2452.39,4672.36,6491.56,-1657.75,1633.24,-2864.01,0.0141641,2200.0,1600.0
2300000,1645.28,-1121.18,7313.79,-2721.01,106.122,-2620.01,-6642.29,7792.94,-4514.18,1530.62,2185.33,6563.22,0.0142271,2300.0,1600.0
2400000,1630.39,1320.6,7313.79,-2718.88,105.161,-2607.69,3047.11,6602.52,-5687.82,-1939.78,4682.9,10193.9,0.0136431,2400.0,1600.0
2500000,1561.87,-4977.73,7313.79,-2727.97,100.742,-2649.95,-8634.8,280.863,-6579.26,-4558.01,5483.14,3300.03,0.0134616,2500.0,1600.0
2600000,1535.38,-1618.83,7313.79,-2720.24,99.0333,-2628.6,-3818.72,-1699.63,661.84,-2817.17,-5664.56,-4862.22,0.0135803,2600.0,1600.0
2700000,1579.29,1308.09,7313.79,-2721.27,101.865,-2613.43,-3593.88,5249.81,2268.34,860.096,2917.22,-4219.77,0.0134237,2700.0,1600.0
2800000,1661.3,743.784,7313.79,-2712.64,107.155,-2602.09,367.272,5003.96,-3139.88,-3684.0,1610.31,-1756.26,0.0130668,2800.0,1600.0
2900000,1509.35,-7000.38,7313.79,-2724.3,97.3541,-2658.9,-7195.58,-4747.92,-9057.64,2304.05,-7385.58,-4392.36,0.0128553,2900.0,1600.0
3000000,1601.64,-2541.54,7313.79,-2724.41,103.307,-2632.71,-3856.25,-5192.45,1424.06,-196.449,1094.63,695.516,0.0124207,3000.0,1600.0
3100000,1717.49,-1020.0,7313.79,-2724.68,110.78,-2618.56,3281.21,4117.82,-10459.0,2184.62,-5638.96,-8115.62,0.0129033,3100.0,1600.0
3200000,1620.03,-3389.48,7313.79,-2722.31,104.493,-2633.29,2131.58,-2417.92,-9882.11,3838.71,849.495,-3200.0,0.0134727,3200.0,1600.0
3300000,1577.97,-5347.28,7313.79,-2726.11,101.781,-2648.74,-14306.3,-6524.89,4789.3,1146.65,-1260.53,-4697.41,0.0129607,3300.0,1600.0
3400000,1680.99,-192.85,7313.79,-2721.72,108.425,-2614.18,2676.1,-4832.3,1577.65,-4557.17,-2119.13,-2770.29,0.0132071,3400.0,1600.0
3500000,1658.87,-26.6966,7313.79,-2716.47,106.999,-2609.59,4922.81,-4956.73,-46.1758,-6511.0,-8284.15,-6750.31,0.0129191,3500.0,1600.0
3600000,1579.47,-4761.01,7313.79,-2731.35,101.877,-2651.21,-4417.98,-2492.61,-7372.44,-1398.39,-5994.03,3683.6,0.0125734,3600.0,1600.0
3700000,1610.67,-1663.48,7313.79,-2720.38,103.889,-2624.08,-7118.57,-3812.62,5940.75,6327.32,3548.14,-2049.34,0.0133593,3700.0,1600.0
3800000,1747.52,9.96014,7313.79,-2722.87,112.716,-2610.11,-3600.34,-22.9601,3653.18,72.2635,4915.57,-227.913,0.0139473,3800.0,1600.0
3900000,1625.6,-4860.05,7313.79,-2727.97,104.853,-2645.3,-7476.51,-6578.64,-525.018,-2722.81,4630.23,1019.99,0.0137258,3900.0,1600.0
4000000,1608.81,2183.86,7313.79,-2719.81,103.769,-2606.07,522.857,559.364,5469.36,398.702,-4665.3,2657.19,0.0135072,4000.0,1600.0
4100000,1563.3,-1183.34,7313.79,-2725.02,100.834,-2629.58,-5596.18,6762.45,-4716.28,1616.38,401.471,3397.44,0.0144958,4100.0,1600.0
4200000,1534.87,368.397,7313.79,-2719.11,99.0006,-2618.43,-3646.15,-6063.59,10814.9,5360.58,3803.47,3155.98,0.0146888,4200.0,1600.0
4300000,1538.63,-2564.37,7313.79,-2721.52,99.2427,-2633.98,-5394.87,-1869.48,-428.774,-2846.25,-8535.5,-60.1813,0.0157567,4300.0,1600.0
4400000,1582.31,-7068.57,7313.79,-2727.16,102.06,-2657.37,1754.3,-9715.82,-13244.2,3936.98,2408.63,-1975.85,0.0155395,4400.0,1600.0
4500000,1597.74,-4894.93,7313.79,-2725.18,103.055,-2644.47,-11627.3,-1444.81,-1612.7,137.007,5289.68,5323.19,0.0158987,4500.0,1600.0
4600000,1617.93,-4124.25,7313.79,-2727.42,104.358,-2641.89,399.384,-3031.79,-9740.34,4152.65,1770.71,-556.203,0.0160418,4600.0,1600.0
4700000,1556.85,-1254.01,7313.79,-2718.67,100.418,-2623.98,-4915.51,2460.04,-1306.55,2686.72,-1726.03,1485.52,0.015837,4700.0,1600.0
4800000,1572.84,-6878.01,7313.79,-2732.78,101.449,-2662.73,-4952.57,-12670.0,-3011.42,273.416,212.689,1509.67,0.0164157,4800.0,1600.0
4900000,1571.2,-3054.81,7313.79,-2726.57,101.343,-2639.17,-967.954,-7069.25,-1127.21,7833.16,2405.74,-10981.3,0.0161755,4900.0,1600.0
5000000,1624.93,-1959.96,7313.79,-2726.49,104.81,-2630.62,-8766.19,4284.77,-1398.44,14521.3,-1844.08,-3468.2,0.0157299,5000.0,1600.0
5100000,1474.53,-5611.8,7313.79,-2726.85,95.1084,-2657.36,-2765.38,-952.645,-13117.4,-357.137,137.811,458.819,0.0161901,5100.0,1600.0
5200000,1702.23,-4362.37,7313.79,-2724.69,109.795,-2634.81,-2147.87,-11670.1,730.82,2381.63,9699.79,-1736.02,0.0161736,5200.0,1600.0
5300000,1554.67,302.173,7313.79,-2714.9,100.278,-2613.24,2956.17,-8486.15,6436.5,1316.6,5538.65,-7343.11,0.0161319,5300.0,1600.0
5400000,1635.28,677.041,7313.79,-2721.71,105.477,-2613.14,3151.08,-4890.41,3770.46,1372.85,835.988,1543.91,0.0161158,5400.0,1600.0
5500000,1588.47,1955.3,7313.79,-2721.94,102.458,-2610.55,3506.85,-3773.94,6132.98,6371.85,-1571.3,2758.81,0.0157389,5500.0,1600.0
5600000,1640.4,704.071,7313.79,-2717.67,105.807,-2608.65,-1165.04,-3967.58,7244.83,9744.91,573.221,36.4515,0.0154893,5600.0,1600.0
5700000,1605.64,-2536.52,7313.79,-2721.42,103.565,-2629.43,-2310.01,-1472.66,-3826.88,640.175,5927.98,1776.66,0.0153797,5700.0,1600.0
5800000,1642.19,-2682.94,7313.79,-2724.78,105.922,-2631.1,4240.58,-10329.0,-1960.42,1357.01,-998.814,-468.456,0.0160485,5800.0,1600.0
5900000,1611.7,-742.136,7313.79,-2721.03,103.956,-2620.47,-7589.91,1321.88,4041.62,6870.59,2749.73,-954.561,0.0159334,5900.0,1600.0
6000000,1631.15,-2070.48,7313.79,-2722.64,105.21,-2626.88,153.316,-3295.5,-3069.26,-5801.83,6209.21,-2998.18,0.0159868,6000.0,1600.0
6100000,1634.74,-1382.66,7313.79,-2725.08,105.442,-2625.95,72.1647,-4413.87,193.714,4765.18,-4757.53,618.448,0.0159263,6100.0,1600.0
6200000,1563.18,-7845.45,7313.79,-2733.98,100.827,-2668.97,-10815.8,-11249.5,-1471.04,-2357.61,-2168.2,-1683.48,0.0158216,6200.0,1600.0
6300000,1602.09,-3918.93,7313.79,-2722.6,103.336,-2637.15,-3617.23,-2417.62,-5721.94,3678.27,-2462.89,5354.42,0.0158164,6300.0,1600.0
6400000,1586.9,-2762.05,7313.79,-2722.21,102.356,-2632.46,-4031.03,-9109.24,4854.11,-1922.95,-1042.05,-2193.89,0.0156127,6400.0,1600.0
6500000,1625.08,478.606,7313.79,-2722.23,104.819,-2615.23,-6029.6,-2435.7,9901.12,-3424.22,-8007.83,3805.27,0.0155397,6500.0,1600.0
6600000,1667.38,-2474.78,7313.79,-2724.11,107.547,-2627.86,-5760.59,-1912.46,248.713,2504.41,-2898.13,1133.65,0.015548,6600.0,1600.0
6700000,1637.56,54.4794,7313.79,-2721.01,105.624,-2615.14,6710.7,4311.01,-10858.3,1629.42,6277.23,-8391.94,0.0154341,6700.0,1600.0
6800000,1506.92,-4007.61,7313.79,-2721.87,97.1978,-2642.96,-4123.91,-4815.41,-3083.52,-853.378,2921.99,-3302.88,0.015362,6800.0,1600.0
6900000,1558.76,-1694.13,7313.79,-2726.41,100.541,-2633.6,-3973.83,710.349,-1818.9,686.621,-2368.6,-3898.81,0.0151299,6900.0,1600.0
7000000,1640.46,-4262.48,7313.79,-2730.95,105.811,-2644.6,-4088.94,-2992.23,-5706.28,3625.32,-1523.2,-6031.39,0.0148106,7000.0,1600.0
7100000,1591.35,470.562,7313.79,-2723.84,102.644,-2619.05,-463.282,-708.346,2583.31,7636.06,-1003.7,-1842.69,0.0146133,7100.0,1600.0
7200000,1593.42,-2093.65,7313.79,-2722.12,102.777,-2628.9,3034.78,-192.48,-9123.23,-6943.27,5389.52,-2235.5,0.0145048,7200.0,1600.0
7300000,1607.87,-2000.98,7313.79,-2723.47,103.709,-2628.89,3307.36,-6679.05,-2631.24,-6077.52,-1839.12,-2279.66,0.0143364,7300.0,1600.0
7400000,1596.64,-925.324,7313.79,-2717.95,102.985,-2619.19,-8679.8,-5755.68,11659.5,228.273,-821.673,4092.37,0.014567,7400.0,1600.0
7500000,1704.83,3063.42,7313.79,-2715.26,109.963,-2591.31,2493.68,3520.39,3176.19,-80.554,-2946.23,2249.41,0.0149523,7500.0,1600.0
7600000,1588.66,-1900.73,7313.79,-2722.29,102.47,-2628.49,3971.76,-6399.86,-3274.08,-4125.27,1916.97,-5468.33,0.0148642,7600.0,1600.0
7700000,1670.06,-96.7685,7313.79,-2724.27,107.72,-2616.99,1254.26,4232.46,-5777.02,2571.45,2572.96,-6041.67,0.0148262,7700.0,1600.0
7800000,1555.59,1834.98,7313.79,-2718.59,100.337,-2609.87,-5562.1,7148.76,3918.29,1194.24,-6650.08,-4862.87,0.0147083,7800.0,1600.0
7900000,1478.26,-3059.99,7313.79,-2724.6,95.3493,-2643.22,5158.54,1583.66,-15922.2,255.365,-4013.52,-2960.78,0.0148581,7900.0,1600.0
8000000,1546.26,-5743.79,7313.79,-2727.5,99.735,-2653.98,-13503.5,-2546.73,-1181.15,284.079,-6003.84,1349.75,0.0145472,8000.0,1600.0
8100000,1629.67,-908.33,7313.79,-2721.9,105.115,-2620.93,-173.044,-3243.09,691.141,-5553.95,-709.159,748.874,0.0143484,8100.0,1600.0
8200000,1619.56,-1321.3,7313.79,-2723.21,104.463,-2624.78,-1088.86,-1184.29,-1690.76,187.393,9953.62,1421.17,0.0142406,8200.0,1600.0
8300000,1677.92,-2321.42,7313.79,-2720.55,108.227,-2622.92,-8536.28,4116.63,-2544.62,1453.06,-4623.94,5412.18,0.0141163,8300.0,1600.0
8400000,1619.77,-7814.31,7313.79,-2723.28,104.477,-2654.47,-510.023,-5976.63,-16956.3,3503.97,425.588,2590.1,0.0147866,8400.0,1600.0
8500000,1719.86,1740.44,7313.79,-2725.58,110.933,-2606.7,432.278,-4281.11,9070.15,2730.72,1191.9,241.801,0.0147839,8500.0,1600.0
8600000,1609.87,5679.85,7313.79,-2715.07,103.838,-2585.3,4057.98,7583.06,5398.51,1794.65,3690.65,223.346,0.0148019,8600.0,1600.0
8700000,1657.89,-1753.93,7313.79,-2724.12,106.936,-2625.19,-6803.42,2552.69,-1011.06,-9597.49,4147.27,-3212.65,0.0145413,8700.0,1600.0
8800000,1647.02,2190.95,7313.79,-2719.11,106.234,-2602.87,3764.41,9175.82,-6367.39,5717.55,4840.85,-4712.35,0.0143455,8800.0,1600.0
8900000,1678.41,4418.57,7313.79,-2716.71,108.259,-2588.28,5925.05,-6264.08,13594.8,9176.0,5162.34,1256.03,0.0143277,8900.0,1600.0
9000000,1623.25,1839.36,7313.79,-2715.51,104.701,-2602.41,-1938.92,3274.94,4182.05,-1738.1,-1668.55,3365.95,0.0143506,9000.0,1600.0
9100000,1615.55,2235.63,7313.79,-2716.78,104.204,-2602.37,6765.5,-2908.62,2850.0,-2654.85,1004.73,9857.23,0.0140809,9100.0,1600.0
9200000,1645.37,925.554,7313.79,-2722.55,106.128,-2612.19,-4564.79,-2081.96,9423.41,-3143.57,-2998.56,368.666,0.0144503,9200.0,1600.0
9300000,1652.91,-1613.98,7313.79,-2723.18,106.614,-2623.93,-4706.42,4048.13,-4183.65,-7728.5,-4658.28,3135.96,0.0142377,9300.0,1600.0
9400000,1693.37,-3828.34,7313.79,-2729.83,109.224,-2638.09,-12405.7,-3695.24,4615.95,-2749.37,4434.79,3881.34,0.0143057,9400.0,1600.0
9500000,1613.0,-6308.54,7313.79,-2730.73,104.04,-2655.48,-9512.95,-2714.55,-6698.13,3830.22,-2042.73,1982.14,0.0143165,9500.0,1600.0
9600000,1562.02,561.774,7313.79,-2728.22,100.752,-2624.91,-963.217,5429.61,-2781.07,172.104,-2247.3,-3998.51,0.0142689,9600.0,1600.0
9700000,1660.57,-6144.4,7313.79,-2726.44,107.108,-2647.38,-6997.14,-2477.62,-8958.45,510.04,6745.17,4688.38,0.0141769,9700.0,1600.0
9800000,1570.07,2238.71,7313.79,-2717.98,101.271,-2606.49,7763.77,848.413,-1896.05,9420.07,1317.79,-1972.77,0.0142796,9800.0,1600.0
9900000,1645.66,-1210.92,7313.79,-2723.78,106.146,-2623.16,-6667.7,-432.175,3467.12,5093.6,-1443.17,3482.96,0.0142517,9900.0,1600.0
10000000,1561.75,-96.0868,7313.79,-2718.24,100.734,-2617.95,7290.9,-8188.41,609.247,-6931.05,-7649.28,4852.39,0.0146,10000.0,1600.0
