TimeStep,temp,pressure,vol,pe,ke,enthalpy,pxx,pyy,pzz,pxy,pxz,pyz,visc,time,hold_temp
0,388.044,-162.625,10598.4,-2842.82,25.0291,-2818.87,21.7707,-761.637,251.99,1246.39,-175.222,-909.973,0.000771558,0.0,400.0
100000,433.093,-300.244,10598.4,-2841.48,27.9349,-2815.53,1476.5,-2620.18,242.944,1183.63,-1472.47,641.869,1.29552,100.0,400.0
200000,387.957,-138.413,10598.4,-2841.25,25.0236,-2817.15,795.107,-366.186,-844.16,2338.39,-1894.13,38.4194,1.62301,200.0,400.0
300000,393.943,-854.219,10598.4,-2840.11,25.4096,-2820.35,249.431,-2622.14,-189.945,2686.64,-800.768,-601.901,1.84154,300.0,400.0
400000,409.744,-1012.67,10598.4,-2842.5,26.4288,-2822.77,105.539,-3588.4,444.852,150.863,-1519.34,-376.824,1.70272,400.0,400.0
500000,382.872,-1405.57,10598.4,-2842.35,24.6955,-2826.96,-368.446,-3525.43,-322.827,1247.53,-1373.96,-468.461,1.73014,500.0,400.0
600000,401.745,440.504,10598.4,-2842.47,25.9129,-2813.65,1076.39,-226.616,471.734,-533.522,118.834,-1366.02,1.67277,600.0,400.0
700000,392.769,-815.45,10598.4,-2844.28,25.3339,-2824.34,-2064.38,-499.866,117.901,1651.41,-1334.08,141.555,1.6901,700.0,400.0
800000,396.202,-874.521,10598.4,-2842.25,25.5554,-2822.48,376.532,-158.872,-2841.23,-870.707,-1534.08,-733.21,1.70862,800.0,400.0
900000,416.289,127.666,10598.4,-2842.59,26.8509,-2814.89,1241.67,-55.982,-802.693,735.85,-1017.39,218.71,1.71754,900.0,400.0
1000000,403.381,-710.873,10598.4,-2842.05,26.0184,-2820.73,-857.875,-2683.58,1408.84,-1022.42,-3265.27,-26.651,1.72573,1000.0,400.0
1100000,381.019,-1421.36,10598.4,-2842.76,24.576,-2827.59,-736.298,-2330.35,-1197.43,-291.167,-996.748,-297.642,1.71516,1100.0,400.0
1200000,380.864,-516.735,10598.4,-2840.78,24.566,-2819.63,-1095.35,190.189,-645.04,156.265,-683.425,-1265.04,1.73544,1200.0,400.0
1300000,382.391,-1305.62,10598.4,-2845.24,24.6645,-2829.22,-410.123,-3259.93,-246.799,331.023,-1203.98,201.785,1.75291,1300.0,400.0
1400000,408.441,-1607.32,10598.4,-2842.95,26.3448,-2827.24,-184.888,-2737.17,-1899.89,-1091.86,-2459.98,1335.44,1.77146,1400.0,400.0
1500000,408.417,-1247.72,10598.4,-2843.15,26.3432,-2825.06,1690.32,-4596.75,-836.728,933.62,-1808.22,1581.66,1.77657,1500.0,400.0
1600000,386.931,-1575.4,10598.4,-2843.66,24.9574,-2829.13,-3951.45,-2543.64,1768.89,1360.14,-1556.12,-660.043,1.79637,1600.0,400.0
1700000,405.286,-669.328,10598.4,-2842.96,26.1412,-2821.25,-30.6187,-2420.03,442.666,990.249,-1207.55,-1345.83,1.90046,1700.0,400.0
1800000,380.479,-1802.5,10598.4,-2842.31,24.5412,-2829.69,-2358.54,-3645.32,596.348,1789.91,-2159.08,527.677,2.02554,1800.0,400.0
1900000,368.077,-1642.35,10598.4,-2842.41,23.7413,-2829.54,-2789.44,-2552.82,415.221,1785.3,-3521.58,-688.054,2.24939,1900.0,400.0
2000000,382.431,-1398.58,10598.4,-2841.59,24.6671,-2826.17,-3511.51,-412.974,-271.24,1641.85,-1441.15,218.264,2.45819,2000.0,400.0
2100000,418.17,-42.7099,10598.4,-2841.61,26.9723,-2814.92,-1033.31,1005.33,-100.156,3105.94,-3069.78,612.189,2.55439,2100.0,400.0
2200000,389.52,-1858.68,10598.4,-2844.94,25.1244,-2832.11,-2550.89,-2425.79,-599.368,1172.88,-2163.64,-1907.41,2.59871,2200.0,400.0
2300000,389.846,-1775.33,10598.4,-2843.97,25.1454,-2830.57,-1046.26,-2901.36,-1378.38,3965.2,-2129.38,-1403.99,2.65698,2300.0,400.0
2400000,404.326,-1595.96,10598.4,-2843.33,26.0793,-2827.8,-1560.14,-2043.83,-1183.91,2690.65,-1752.84,-1059.12,2.72473,2400.0,400.0
2500000,391.212,-1193.16,10598.4,-2841.43,25.2335,-2824.09,-231.107,-651.978,-2696.4,1817.78,-1735.89,-158.978,2.76642,2500.0,400.0
2600000,386.048,-1502.75,10598.4,-2842.24,24.9004,-2827.29,-2892.97,-575.891,-1039.39,3034.57,-2876.25,-430.577,2.81465,2600.0,400.0
2700000,427.5,-1833.17,10598.4,-2841.62,27.5741,-2826.17,-1887.44,-1302.3,-2309.75,1865.55,-2869.18,-1048.98,2.87776,2700.0,400.0
2800000,408.771,-1754.74,10598.4,-2842.79,26.3661,-2828.03,-2758.43,-2902.8,397.006,523.928,-1142.31,-1130.5,2.97614,2800.0,400.0
2900000,383.286,-1162.16,10598.4,-2841.93,24.7222,-2824.9,-3005.09,-2236.3,1754.9,2087.84,-2067.83,-1747.92,3.01918,2900.0,400.0
3000000,402.908,-401.067,10598.4,-2843.02,25.9879,-2819.68,-407.083,-2069.91,1273.79,1640.04,-1460.78,397.516,3.044,3000.0,400.0
3100000,423.113,-1174.76,10598.4,-2842.47,27.2912,-2822.95,-869.376,-2382.13,-272.774,375.328,-2671.2,-1234.0,3.0742,3100.0,400.0
3200000,392.246,-1384.17,10598.4,-2841.36,25.3002,-2825.22,-3758.1,-2297.72,1903.31,2379.93,-3830.58,-1732.5,3.10525,3200.0,400.0
3300000,370.65,-570.595,10598.4,-2841.41,23.9072,-2821.28,-2355.03,197.655,445.588,1659.06,-3948.48,-2099.41,3.17879,3300.0,400.0
3400000,405.651,-1348.86,10598.4,-2842.43,26.1648,-2825.18,-1403.06,-3879.2,1235.69,3382.04,-1460.2,462.714,3.2278,3400.0,400.0
3500000,399.082,-1823.89,10598.4,-2842.04,25.7411,-2828.37,-1710.35,-2750.97,-1010.36,2142.53,-168.111,333.406,3.20614,3500.0,400.0
3600000,379.454,-1480.08,10598.4,-2842.39,24.4751,-2827.71,-984.596,-2945.33,-510.32,282.679,-442.402,1946.98,3.16079,3600.0,400.0
3700000,393.333,-863.75,10598.4,-2840.72,25.3703,-2821.07,-940.651,219.845,-1870.44,1095.94,45.1366,235.345,3.11575,3700.0,400.0
3800000,396.704,-196.496,10598.4,-2840.42,25.5877,-2816.14,-213.521,91.362,-467.33,675.785,1316.22,2187.2,3.06251,3800.0,400.0
3900000,371.78,-1246.03,10598.4,-2843.49,23.9801,-2827.76,1202.17,-3202.48,-1737.78,1513.0,124.857,1299.94,3.01707,3900.0,400.0
4000000,407.036,-271.684,10598.4,-2842.68,26.2542,-2818.22,-1281.45,405.824,60.5736,410.052,-908.069,1287.86,2.97358,4000.0,400.0
4100000,391.003,-930.16,10598.4,-2843.29,25.22,-2824.22,-414.886,-1276.37,-1099.23,2818.68,960.203,85.0922,2.93753,4100.0,400.0
4200000,403.316,-1593.69,10598.4,-2844.34,26.0142,-2828.87,-2086.07,-921.631,-1773.38,1648.79,-89.8185,2091.28,2.89771,4200.0,400.0
4300000,411.713,-1071.88,10598.4,-2842.03,26.5558,-2822.57,-275.383,-3265.79,325.523,1466.94,-557.034,1536.65,2.86166,4300.0,400.0
4400000,401.887,-1141.67,10598.4,-2842.79,25.922,-2824.42,-866.394,-3545.62,987.008,1176.09,221.454,1915.74,2.82431,4400.0,400.0
4500000,396.195,-770.741,10598.4,-2842.02,25.5549,-2821.56,-1472.04,-2509.92,1669.74,710.915,-477.622,22.1368,2.77627,4500.0,400.0
4600000,392.696,-722.809,10598.4,-2842.55,25.3292,-2822.0,738.527,-1608.22,-1298.74,-525.595,317.507,650.238,2.72476,4600.0,400.0
4700000,403.045,-1297.06,10598.4,-2843.72,25.9967,-2826.3,-1084.07,-1054.65,-1752.47,-610.72,-69.3756,1864.6,2.68983,4700.0,400.0
4800000,415.41,-954.52,10598.4,-2842.6,26.7943,-2822.12,888.068,-1871.26,-1880.36,-59.0128,527.9,812.459,2.64022,4800.0,400.0
4900000,395.336,-490.077,10598.4,-2841.35,25.4995,-2819.09,-1660.29,140.003,50.0564,2405.84,529.395,831.931,2.59738,4900.0,400.0
5000000,406.732,-1118.99,10598.4,-2842.87,26.2345,-2824.03,-542.401,-2535.74,-278.84,88.4484,1542.72,-673.27,2.55449,5000.0,400.0
5100000,381.756,-2192.67,10598.4,-2842.8,24.6235,-2832.68,-2281.26,-3177.83,-1118.93,1913.46,-903.881,1140.79,2.50988,5100.0,400.0
5200000,392.279,-1350.23,10598.4,-2844.67,25.3023,-2828.3,-1051.67,-787.433,-2211.59,249.174,439.159,-1229.11,2.47729,5200.0,400.0
5300000,369.937,-1509.08,10598.4,-2842.04,23.8612,-2828.16,1064.45,-3990.17,-1601.54,234.054,-1877.04,1557.67,2.45114,5300.0,400.0
5400000,395.882,-503.182,10598.4,-2843.22,25.5347,-2821.01,257.151,-1423.98,-342.712,-258.608,12.6322,386.257,2.41015,5400.0,400.0
5500000,400.59,-675.723,10598.4,-2842.43,25.8384,-2821.06,829.672,-1983.98,-872.859,-1088.35,-1045.34,224.962,2.36982,5500.0,400.0
5600000,394.448,-1909.48,10598.4,-2842.8,25.4422,-2829.99,616.971,-3049.61,-3295.82,640.896,-1911.59,-1188.81,2.33302,5600.0,400.0
5700000,389.922,-1051.83,10598.4,-2843.17,25.1503,-2824.98,418.674,-1058.9,-2515.25,290.112,-262.139,231.386,2.29736,5700.0,400.0
5800000,413.161,-1482.64,10598.4,-2841.89,26.6492,-2825.05,-8.84034,-1781.43,-2657.65,1858.81,-1006.4,374.938,2.26291,5800.0,400.0
5900000,404.227,-923.027,10598.4,-2840.4,26.073,-2820.44,-16.1554,-2537.09,-215.835,1241.41,643.255,-103.727,2.23148,5900.0,400.0
6000000,407.517,-1421.65,10598.4,-2843.25,26.2852,-2826.36,583.241,-4475.9,-372.291,1358.89,-638.008,-565.098,2.20076,6000.0,400.0
6100000,392.525,-1447.98,10598.4,-2842.47,25.3182,-2826.73,239.656,-2058.71,-2524.87,-1291.98,967.805,678.399,2.16955,6100.0,400.0
6200000,394.002,-1143.58,10598.4,-2842.92,25.4135,-2825.07,1266.31,171.126,-4868.17,88.0614,163.135,4.48091,2.13898,6200.0,400.0
6300000,381.371,-1353.85,10598.4,-2842.05,24.5987,-2826.41,1242.83,-2254.36,-3050.02,-458.304,-955.301,475.32,2.11052,6300.0,400.0
6400000,411.68,-1044.95,10598.4,-2842.41,26.5537,-2822.77,1025.95,-3037.83,-1122.95,1521.24,-432.479,-110.25,2.08215,6400.0,400.0
6500000,427.621,-759.618,10598.4,-2841.69,27.5819,-2819.13,-905.591,-699.153,-674.111,290.291,-76.9322,-1029.23,2.05561,6500.0,400.0
6600000,409.597,-758.952,10598.4,-2841.81,26.4193,-2820.42,1464.79,-3236.97,-504.67,511.503,68.741,145.867,2.03292,6600.0,400.0
6700000,382.815,-973.606,10598.4,-2844.16,24.6918,-2825.91,1007.08,-1584.61,-2343.28,1141.17,-1449.77,-784.575,2.0076,6700.0,400.0
6800000,388.554,-867.957,10598.4,-2841.52,25.0621,-2822.2,1299.47,-2322.79,-1580.56,2046.82,715.705,-199.969,1.98291,6800.0,400.0
6900000,399.277,-660.292,10598.4,-2843.33,25.7537,-2821.95,-69.1997,-869.747,-1041.93,1779.95,-2623.77,-891.865,1.95878,6900.0,400.0
7000000,423.245,-1369.89,10598.4,-2841.42,27.2997,-2823.19,-954.011,-2653.09,-502.57,2858.02,-166.211,623.957,1.93516,7000.0,400.0
7100000,379.886,-1836.15,10598.4,-2842.14,24.503,-2829.78,-770.4,-2859.43,-1878.61,-641.437,72.2789,-2.37197,1.91225,7100.0,400.0
7200000,383.336,-935.943,10598.4,-2844.08,24.7255,-2825.55,1719.83,-3722.95,-804.703,733.47,-346.537,-775.179,1.88972,7200.0,400.0
7300000,414.34,-184.56,10598.4,-2840.81,26.7252,-2815.31,454.346,-913.752,-94.2736,-418.008,621.861,-3275.77,1.86804,7300.0,400.0
7400000,409.12,-1038.14,10598.4,-2841.72,26.3886,-2822.19,1223.6,-3725.95,-612.062,-375.061,-1416.37,1345.36,1.84697,7400.0,400.0
7500000,369.848,-1127.74,10598.4,-2842.75,23.8555,-2826.35,747.518,-4009.89,-120.839,-1311.64,464.094,-887.497,1.82658,7500.0,400.0
7600000,405.103,119.121,10598.4,-2841.17,26.1295,-2814.25,1023.29,240.259,-906.186,1944.04,-738.246,-245.628,1.80658,7600.0,400.0
7700000,395.682,-815.281,10598.4,-2841.88,25.5218,-2821.75,1166.41,-779.291,-2832.96,-440.28,-2073.68,-455.131,1.78664,7700.0,400.0
7800000,387.02,-1559.72,10598.4,-2843.28,24.9631,-2828.63,-885.115,-3836.8,42.7601,-1912.1,-1479.57,-687.41,1.76686,7800.0,400.0
7900000,380.201,-686.197,10598.4,-2843.33,24.5233,-2823.34,-362.178,-1991.91,295.501,4.0401,-1204.88,-765.757,1.74807,7900.0,400.0
8000000,414.418,-192.238,10598.4,-2841.68,26.7303,-2816.22,2215.15,-499.269,-2292.6,-726.282,-2550.43,-1410.49,1.72989,8000.0,400.0
8100000,395.191,-531.11,10598.4,-2844.13,25.4901,-2822.15,2042.41,-3399.28,-236.462,545.047,-328.789,-850.08,1.71236,8100.0,400.0
8200000,393.277,-1005.68,10598.4,-2843.15,25.3667,-2824.43,-310.517,-1111.88,-1594.64,365.789,-1894.78,-60.1223,1.69564,8200.0,400.0
8300000,402.211,186.464,10598.4,-2842.31,25.9429,-2815.14,872.978,-834.664,521.078,213.965,-2751.96,-1334.41,1.67859,8300.0,400.0
8400000,384.153,36.0899,10598.4,-2840.05,24.7782,-2815.04,840.803,-1028.96,296.423,38.0376,-2452.89,-1863.04,1.66235,8400.0,400.0
8500000,426.348,-1518.79,10598.4,-2843.98,27.4998,-2826.53,1927.09,-3401.51,-3081.95,1449.67,-71.7861,1991.45,1.64692,8500.0,400.0
8600000,397.416,-2206.11,10598.4,-2844.02,25.6336,-2832.98,374.293,-3859.91,-3132.73,421.558,-413.285,27.9969,1.63132,8600.0,400.0
8700000,396.986,-1262.91,10598.4,-2844.48,25.6059,-2827.22,-777.568,-2065.92,-945.225,1610.55,-609.668,-99.0043,1.61573,8700.0,400.0
8800000,373.199,-741.811,10598.4,-2841.95,24.0716,-2822.78,1615.36,-2878.23,-962.564,-753.504,-550.141,1268.51,1.60087,8800.0,400.0
8900000,387.147,-662.064,10598.4,-2842.71,24.9713,-2822.12,1270.74,-832.915,-2424.01,415.735,-1313.71,823.8,1.5867,8900.0,400.0
9000000,385.058,-700.821,10598.4,-2843.69,24.8366,-2823.49,2392.26,-2477.06,-2017.66,-232.995,-165.447,-154.657,1.57286,9000.0,400.0
9100000,417.219,-1642.29,10598.4,-2844.32,26.911,-2828.27,1453.55,-4660.46,-1719.95,-334.732,-1602.59,-22.3321,1.55968,9100.0,400.0
9200000,390.922,-1467.29,10598.4,-2843.5,25.2148,-2827.99,1935.96,-2187.6,-4150.24,1070.33,-1169.33,941.425,1.54608,9200.0,400.0
9300000,419.719,-827.123,10598.4,-2842.95,27.0722,-2821.35,672.791,-1311.7,-1842.46,611.475,745.671,506.336,1.53293,9300.0,400.0
9400000,397.103,-691.01,10598.4,-2841.7,25.6135,-2820.66,1254.1,-1395.73,-1931.4,-1130.3,-192.865,-1411.55,1.52016,9400.0,400.0
9500000,398.898,57.397,10598.4,-2842.42,25.7292,-2816.31,1453.37,-2569.08,1287.9,763.915,-761.748,407.825,1.50752,9500.0,400.0
9600000,396.724,-574.025,10598.4,-2841.77,25.589,-2819.98,1506.45,-3242.23,13.7042,-756.467,-1893.51,337.064,1.4949,9600.0,400.0
9700000,410.573,-822.098,10598.4,-2842.98,26.4823,-2821.93,-658.845,-2559.08,751.635,-433.1,-92.098,320.884,1.4825,9700.0,400.0
9800000,393.504,-2019.58,10598.4,-2843.47,25.3813,-2831.44,-506.079,-3626.31,-1926.34,418.505,-621.714,-939.472,1.47048,9800.0,400.0
9900000,423.888,-539.844,10598.4,-2842.97,27.3411,-2819.2,610.842,-1299.44,-930.933,-167.411,-1410.94,-766.871,1.4587,9900.0,400.0
10000000,382.254,-480.531,10598.4,-2842.61,24.6557,-2821.13,1408.51,-274.122,-2575.98,-711.467,-61.8806,756.004,1.44738,10000.0,400.0
