TimeStep,temp,pressure,vol,pe,ke,enthalpy,pxx,pyy,pzz,pxy,pxz,pyz,visc,time,hold_temp
0,441.29,-2103.09,10616.9,-2839.87,28.4636,-2825.34,-2319.17,-1535.89,-2454.2,946.579,-1816.34,-601.606,0.00129787,0.0,450.0
100000,444.638,-1490.95,10616.9,-2838.5,28.6795,-2819.7,-1443.16,-2656.83,-372.857,-1551.07,424.399,259.157,1.17779,100.0,450.0
200000,452.986,-1802.41,10616.9,-2838.21,29.218,-2820.93,-2213.1,-5203.8,2009.66,44.947,443.542,-1620.96,1.17079,200.0,450.0
300000,439.741,-1860.21,10616.9,-2837.83,28.3637,-2821.79,-2203.11,-875.826,-2501.71,2011.51,-1129.59,1343.48,1.11114,300.0,450.0
400000,423.111,-1271.56,10616.9,-2839.24,27.291,-2820.37,-500.368,-2753.7,-560.6,1158.83,-642.507,-1293.14,1.19624,400.0,450.0
500000,466.036,-716.238,10616.9,-2839.57,30.0597,-2814.26,-1931.82,-1266.79,1049.89,165.724,-1864.83,-271.798,1.3111,500.0,450.0
600000,425.399,168.359,10616.9,-2837.74,27.4386,-2809.18,1097.18,-258.845,-333.262,850.612,-2659.12,-1927.14,1.37872,600.0,450.0
700000,449.249,-1233.75,10616.9,-2837.0,28.9769,-2816.2,-1360.01,-3319.59,978.342,-1699.21,-1053.72,-1367.14,1.40897,700.0,450.0
800000,419.795,-2004.8,10616.9,-2839.96,27.0771,-2826.17,-1002.54,-3498.17,-1513.69,-148.135,-220.144,-364.136,1.37854,800.0,450.0
900000,442.79,-1655.26,10616.9,-2839.22,28.5603,-2821.63,557.445,-3852.6,-1670.63,-635.354,-1205.7,-1824.57,1.36715,900.0,450.0
1000000,465.604,-1745.13,10616.9,-2838.72,30.0318,-2820.25,-1427.05,-2401.86,-1406.49,1343.08,-1257.3,-2661.15,1.39919,1000.0,450.0
1100000,470.161,-951.183,10616.9,-2838.38,30.3258,-2814.36,-236.86,-2839.33,222.644,-1383.81,-283.828,-471.764,1.43828,1100.0,450.0
1200000,474.953,-916.296,10616.9,-2838.26,30.6348,-2813.69,-694.703,-2354.23,300.044,-272.471,-1489.75,-1295.79,1.46059,1200.0,450.0
1300000,447.38,-1375.73,10616.9,-2838.57,28.8564,-2818.83,-1592.52,-2406.58,-128.077,-1.39284,-1161.76,-1820.53,1.47976,1300.0,450.0
1400000,462.575,-1913.88,10616.9,-2841.03,29.8365,-2823.87,1319.28,-6163.23,-897.698,29.7651,-2326.48,492.244,1.49781,1400.0,450.0
1500000,463.222,-1198.85,10616.9,-2838.91,29.8782,-2816.98,1667.55,-3769.5,-1494.61,610.389,957.721,818.858,1.48667,1500.0,450.0
1600000,452.18,-1823.36,10616.9,-2838.63,29.1659,-2821.55,817.351,-2382.67,-3904.76,1188.34,-2156.04,-172.701,1.4528,1600.0,450.0
1700000,435.935,-2229.49,10616.9,-2838.99,28.1181,-2825.64,-323.253,-3399.46,-2965.76,-689.991,-1975.07,22.3717,1.43083,1700.0,450.0
1800000,469.127,-1332.26,10616.9,-2836.85,30.2591,-2815.42,871.913,-2937.32,-1931.37,-1234.26,-1169.75,185.296,1.41157,1800.0,450.0
1900000,455.741,-1935.13,10616.9,-2838.73,29.3957,-2822.16,-1892.37,-3031.94,-881.086,494.906,-1646.46,-788.527,1.38635,1900.0,450.0
2000000,445.578,-2622.53,10616.9,-2838.69,28.7402,-2827.33,881.306,-6663.84,-2085.06,-727.833,-597.414,-1941.48,1.36248,2000.0,450.0
2100000,478.933,-2255.72,10616.9,-2840.63,30.8916,-2824.68,1366.1,-4324.86,-3808.4,-1423.67,-2287.87,-1197.03,1.34735,2100.0,450.0
2200000,449.075,-1202.94,10616.9,-2838.35,28.9657,-2817.36,-1967.15,-597.328,-1044.35,356.467,-693.588,44.2038,1.34232,2200.0,450.0
2300000,466.341,-1703.72,10616.9,-2839.43,30.0794,-2820.64,-3022.08,-1104.17,-984.893,-1512.8,-982.342,-653.361,1.3536,2300.0,450.0
2400000,452.671,-1115.77,10616.9,-2838.8,29.1976,-2817.0,-379.48,686.58,-3654.4,312.969,-1360.46,-1632.45,1.40395,2400.0,450.0
2500000,440.991,-1995.36,10616.9,-2838.83,28.4443,-2823.61,-2863.54,-851.137,-2271.41,-973.503,246.127,-2195.62,1.49443,2500.0,450.0
2600000,438.155,-1621.34,10616.9,-2838.14,28.2614,-2820.62,-1238.59,-1227.51,-2397.91,-139.672,-1927.71,-2350.9,1.58957,2600.0,450.0
2700000,460.764,-896.192,10616.9,-2837.41,29.7197,-2813.63,-1781.41,787.877,-1695.04,-400.051,-1442.14,-2122.12,1.66976,2700.0,450.0
2800000,433.397,-1623.16,10616.9,-2837.53,27.9544,-2820.33,-954.851,-1857.71,-2056.92,-1618.17,739.35,-3838.22,1.73216,2800.0,450.0
2900000,460.047,-1926.83,10616.9,-2840.19,29.6734,-2823.29,-386.441,-2658.41,-2735.64,497.424,-2140.78,-776.499,1.7963,2900.0,450.0
3000000,424.781,-1494.66,10616.9,-2839.79,27.3987,-2822.3,-672.397,637.875,-4449.46,417.263,-1443.8,-2418.4,1.8595,3000.0,450.0
3100000,447.614,-1290.35,10616.9,-2839.64,28.8714,-2819.32,238.076,-1905.72,-2203.4,224.845,-2108.03,-2988.43,1.93063,3100.0,450.0
3200000,443.574,-1610.57,10616.9,-2838.43,28.6109,-2820.49,-2581.49,1501.14,-3751.36,-1177.52,50.1144,-1311.69,1.98855,3200.0,450.0
3300000,414.334,-1451.82,10616.9,-2837.27,26.7249,-2820.17,-1398.72,-550.033,-2406.7,-545.338,562.11,-3035.06,2.04292,3300.0,450.0
3400000,451.762,-1668.73,10616.9,-2838.9,29.139,-2820.82,-1388.91,-1684.52,-1932.75,955.011,-663.038,-3373.42,2.09485,3400.0,450.0
3500000,438.108,-2245.83,10616.9,-2840.09,28.2583,-2826.71,-231.616,-2787.51,-3718.36,85.2698,-464.374,-3650.87,2.12376,3500.0,450.0
3600000,465.304,-1622.53,10616.9,-2838.11,30.0125,-2818.85,-2479.3,-1270.04,-1118.24,479.863,818.811,-1972.61,2.15243,3600.0,450.0
3700000,453.765,-1128.62,10616.9,-2837.93,29.2682,-2816.14,166.864,-3419.86,-132.879,776.254,1310.42,-2340.31,2.19469,3700.0,450.0
3800000,465.62,-1770.25,10616.9,-2838.79,30.0329,-2820.49,-1154.28,-624.833,-3531.64,-196.895,-1421.28,-1540.88,2.23611,3800.0,450.0
3900000,443.563,-364.571,10616.9,-2837.3,28.6102,-2811.1,-762.115,-569.82,238.222,929.575,1131.13,-2376.55,2.27679,3900.0,450.0
4000000,451.083,-2044.55,10616.9,-2839.39,29.0952,-2823.85,-57.2971,-1197.24,-4879.1,-89.7027,-2203.62,-2894.04,2.31573,4000.0,450.0
4100000,462.713,-1749.42,10616.9,-2839.0,29.8453,-2820.74,1333.51,-2907.78,-3673.99,122.089,-814.252,-4339.66,2.34685,4100.0,450.0
4200000,440.153,-1409.1,10616.9,-2838.97,28.3902,-2819.92,-74.3029,-1413.35,-2739.64,2273.79,928.745,-2266.53,2.38304,4200.0,450.0
4300000,447.212,-1558.84,10616.9,-2837.27,28.8455,-2818.75,-534.508,117.336,-4259.36,-88.5566,-575.294,-3493.45,2.41513,4300.0,450.0
4400000,428.693,-997.973,10616.9,-2838.56,27.6511,-2817.52,2080.12,-3484.89,-1589.15,245.268,527.695,-2332.04,2.44636,4400.0,450.0
4500000,460.398,-1998.14,10616.9,-2839.41,29.696,-2822.96,-2440.11,-2907.57,-646.729,-482.069,86.4076,-1145.91,2.47139,4500.0,450.0
4600000,425.414,-732.709,10616.9,-2839.7,27.4395,-2817.11,1393.44,-1428.3,-2163.27,-224.647,-1414.57,-1332.28,2.49528,4600.0,450.0
4700000,447.126,-2188.36,10616.9,-2838.47,28.84,-2824.13,-765.416,-2818.95,-2980.73,-4.8608,-2054.67,-2657.13,2.51721,4700.0,450.0
4800000,452.946,-1500.37,10616.9,-2839.78,29.2154,-2820.5,-1175.17,1755.25,-5081.2,-1061.98,-863.539,-3048.37,2.53903,4800.0,450.0
4900000,448.384,-1572.88,10616.9,-2838.24,28.9211,-2819.74,601.715,-2873.24,-2447.13,-751.085,-548.034,-1556.28,2.56301,4900.0,450.0
5000000,456.75,-1542.94,10616.9,-2838.99,29.4607,-2819.75,405.535,-4628.35,-406.008,286.108,699.012,-1711.97,2.58366,5000.0,450.0
5100000,446.632,-1713.09,10616.9,-2838.11,28.8081,-2820.66,445.648,-1127.57,-4457.33,725.644,-1253.03,-2321.45,2.60307,5100.0,450.0
5200000,452.264,-559.999,10616.9,-2837.44,29.1714,-2811.98,-402.271,-180.847,-1096.88,162.623,287.33,-1061.13,2.62541,5200.0,450.0
5300000,426.002,-2214.66,10616.9,-2838.96,27.4775,-2826.16,-1447.64,-2629.9,-2566.43,1072.79,-621.783,-3729.65,2.645,5300.0,450.0
5400000,451.584,-1486.73,10616.9,-2839.43,29.1275,-2820.15,863.736,571.713,-5895.63,846.888,-694.771,-2905.52,2.66044,5400.0,450.0
5500000,443.361,-2413.11,10616.9,-2840.16,28.5972,-2827.55,-2067.55,-909.948,-4261.84,1066.44,-727.041,-571.2,2.68007,5500.0,450.0
5600000,442.626,-2764.82,10616.9,-2840.06,28.5497,-2829.83,37.8562,-4138.78,-4193.55,-144.302,-1927.29,-3102.2,2.69901,5600.0,450.0
5700000,459.75,-1354.47,10616.9,-2838.85,29.6543,-2818.17,-528.38,-1388.85,-2146.17,-1464.98,-493.493,-2116.58,2.71306,5700.0,450.0
5800000,438.135,-550.997,10616.9,-2836.61,28.2601,-2812.0,824.713,-2566.62,88.9206,-7.64847,-615.313,-3236.32,2.72676,5800.0,450.0
5900000,465.617,-1866.93,10616.9,-2840.12,30.0327,-2822.46,665.661,-2272.16,-3994.29,974.442,-2090.98,-2160.6,2.73815,5900.0,450.0
6000000,446.107,-1037.13,10616.9,-2839.99,28.7743,-2818.09,363.98,-1698.57,-1776.79,-836.867,-1455.48,-3713.11,2.75001,6000.0,450.0
6100000,439.0,-1651.14,10616.9,-2840.49,28.3158,-2823.11,1348.34,-1686.92,-4614.82,-269.622,-413.044,-3282.53,2.76441,6100.0,450.0
6200000,439.409,-3073.14,10616.9,-2837.97,28.3422,-2830.0,-993.097,-3559.74,-4666.6,219.199,-809.315,-1534.4,2.77852,6200.0,450.0
6300000,459.233,-1500.91,10616.9,-2840.14,29.6209,-2820.46,-615.562,-1571.98,-2315.18,758.641,-940.134,-2328.8,2.79439,6300.0,450.0
6400000,444.301,-894.861,10616.9,-2838.33,28.6578,-2815.6,1292.22,-2382.03,-1594.78,-180.761,57.8115,-1870.14,2.80862,6400.0,450.0
6500000,467.894,-1051.51,10616.9,-2839.55,30.1796,-2816.34,-362.834,-1194.25,-1597.45,-399.435,58.5598,-2059.79,2.81802,6500.0,450.0
6600000,458.783,-1308.35,10616.9,-2838.62,29.5918,-2817.69,789.506,-777.938,-3936.63,-579.949,-444.56,-3070.04,2.82746,6600.0,450.0
6700000,442.209,-1322.59,10616.9,-2839.7,28.5229,-2819.94,1576.56,-2573.75,-2970.59,504.349,-1263.79,-4440.58,2.83855,6700.0,450.0
6800000,451.432,-1331.55,10616.9,-2836.86,29.1177,-2816.57,420.295,-1835.13,-2579.81,-554.292,-1214.12,-3372.06,2.85043,6800.0,450.0
6900000,463.012,-503.315,10616.9,-2837.14,29.8647,-2810.61,306.306,-214.406,-1601.85,-1791.44,-462.008,-712.302,2.85789,6900.0,450.0
7000000,479.687,-1519.5,10616.9,-2838.71,30.9402,-2817.84,-1669.68,-1515.24,-1373.59,2112.27,-2124.93,-2061.77,2.86952,7000.0,450.0
7100000,441.981,-1354.8,10616.9,-2838.73,28.5081,-2819.2,-149.464,-1803.14,-2111.8,-1122.45,-2297.35,-3515.65,2.87688,7100.0,450.0
7200000,454.4,-2024.19,10616.9,-2838.28,29.3091,-2822.38,14.7159,-2837.42,-3249.86,-225.715,-577.76,-2406.78,2.88664,7200.0,450.0
7300000,438.325,-1676.81,10616.9,-2838.42,28.2723,-2821.26,283.582,-1476.28,-3837.73,-1324.73,-2226.42,-900.348,2.89588,7300.0,450.0
7400000,451.862,-718.411,10616.9,-2838.21,29.1455,-2813.82,-1059.56,1272.67,-2368.34,2041.01,1142.21,-869.623,2.90656,7400.0,450.0
7500000,463.208,-584.216,10616.9,-2838.32,29.8773,-2812.32,69.3049,-326.422,-1495.53,-629.137,-1352.43,-2760.69,2.91602,7500.0,450.0
7600000,444.015,-1242.72,10616.9,-2838.73,28.6393,-2818.32,1029.97,-2089.44,-2668.69,-1699.11,-980.461,-2371.05,2.92816,7600.0,450.0
7700000,437.689,-1189.34,10616.9,-2838.51,28.2313,-2818.16,1209.85,-396.209,-4381.68,1205.73,-298.914,-2757.11,2.93776,7700.0,450.0
7800000,420.253,-2220.7,10616.9,-2840.09,27.1066,-2827.7,-1659.88,-1849.32,-3152.92,83.0496,-741.839,-2901.84,2.94963,7800.0,450.0
7900000,451.097,-2116.94,10616.9,-2838.92,29.0961,-2823.85,401.055,-2288.39,-4463.48,1215.28,1476.41,-1353.3,2.95552,7900.0,450.0
8000000,449.085,-1634.03,10616.9,-2838.53,28.9664,-2820.39,789.105,-2736.93,-2954.27,-1021.89,-1841.44,-1272.87,2.9604,8000.0,450.0
8100000,453.439,-1578.74,10616.9,-2837.99,29.2472,-2819.2,-1882.27,-2424.76,-429.199,1160.07,-617.205,-3018.94,2.9672,8100.0,450.0
8200000,438.702,-1961.05,10616.9,-2837.17,28.2966,-2821.87,82.9784,-1225.88,-4740.23,-26.4851,-1558.82,-3598.91,2.97441,8200.0,450.0
8300000,459.706,-2073.5,10616.9,-2838.11,29.6514,-2822.2,-1445.58,-3384.15,-1390.77,573.164,-606.523,-1904.16,2.98294,8300.0,450.0
8400000,469.764,-1505.17,10616.9,-2837.09,30.3002,-2816.77,561.105,-3358.76,-1717.86,33.1293,-1332.55,-2888.33,2.9885,8400.0,450.0
8500000,482.498,-850.835,10616.9,-2838.82,31.1215,-2813.34,297.955,-769.59,-2080.87,356.293,923.378,-204.666,2.99674,8500.0,450.0
8600000,458.475,-1610.17,10616.9,-2841.39,29.572,-2822.49,-1062.78,294.731,-4062.46,-144.285,913.769,-2707.28,3.00497,8600.0,450.0
8700000,433.003,-716.678,10616.9,-2837.64,27.929,-2814.46,1386.18,-3471.95,-64.2599,-658.063,-742.996,-1552.98,3.0118,8700.0,450.0
8800000,457.755,-1083.76,10616.9,-2839.45,29.5256,-2817.11,1937.56,-3584.27,-1604.56,1120.19,1434.53,-1270.43,3.01997,8800.0,450.0
8900000,415.247,-1763.59,10616.9,-2838.83,26.7838,-2823.73,-321.758,-468.899,-4500.11,-642.277,-2095.21,-4178.56,3.0254,8900.0,450.0
9000000,427.924,-2468.88,10616.9,-2840.44,27.6014,-2829.2,-1659.04,-2473.32,-3274.29,-670.482,-73.2697,-1731.8,3.03233,9000.0,450.0
9100000,449.09,-1218.08,10616.9,-2838.04,28.9667,-2817.15,-451.298,893.903,-4096.84,2321.29,-1420.32,-2721.19,3.03839,9100.0,450.0
9200000,450.634,-897.561,10616.9,-2837.63,29.0662,-2814.51,2265.23,-371.316,-4586.59,159.806,-2826.9,-2216.47,3.04477,9200.0,450.0
9300000,464.637,-1041.84,10616.9,-2837.75,29.9695,-2814.68,-347.999,-455.195,-2322.33,87.7016,495.657,-1963.42,3.05242,9300.0,450.0
9400000,480.352,-657.025,10616.9,-2838.16,30.9831,-2811.53,163.612,-828.897,-1305.79,761.459,-2245.14,-3307.22,3.06052,9400.0,450.0
9500000,461.129,-1574.01,10616.9,-2837.62,29.7432,-2818.31,-1834.41,-1531.03,-1356.58,-349.867,-358.744,-2618.94,3.06918,9500.0,450.0
9600000,459.17,-1997.42,10616.9,-2839.23,29.6168,-2822.85,-304.269,-3156.36,-2531.65,83.8646,66.0513,-3622.38,3.07457,9600.0,450.0
9700000,460.291,-1697.6,10616.9,-2839.83,29.6891,-2821.39,725.748,-4462.42,-1356.13,-1281.13,642.959,-671.116,3.07887,9700.0,450.0
9800000,470.643,-1965.14,10616.9,-2841.02,30.3568,-2823.69,-1163.71,-3230.37,-1501.34,-1664.57,675.649,-1292.43,3.08289,9800.0,450.0
9900000,460.453,-530.298,10616.9,-2838.53,29.6996,-2812.35,549.42,-1707.42,-432.89,136.785,-992.554,-4727.86,3.08527,9900.0,450.0
10000000,429.981,-2204.12,10616.9,-2839.2,27.7341,-2826.07,324.835,-4174.46,-2762.74,-1857.48,-1013.5,-3705.88,3.08977,10000.0,450.0
