TimeStep,temp,pressure,vol,pe,ke,enthalpy,pxx,pyy,pzz,pxy,pxz,pyz,visc,time,hold_temp
0,1305.61,-591.573,9283.41,-2258.7,84.2126,-2177.92,-821.14,1075.33,-2028.91,356.521,661.864,-2806.51,0.000756819,0.0,1250.0
100000,1352.85,3104.9,9283.41,-2258.62,87.2601,-2153.37,2800.48,1268.68,5245.55,743.686,784.43,634.675,0.00922473,100.0,1250.0
200000,1240.33,-2495.69,9283.41,-2258.84,80.0026,-2193.3,-4136.04,-2251.18,-1099.85,-4292.38,2695.01,3687.66,0.00380324,200.0,1250.0
300000,1233.8,-2404.65,9283.41,-2262.96,79.5814,-2197.31,-506.448,-1579.66,-5127.84,775.362,281.07,494.635,0.000395695,300.0,1250.0
400000,1322.31,-1594.71,9283.41,-2259.15,85.2902,-2183.1,518.58,-5544.21,241.504,-8.44081,2048.83,384.377,0.00396288,400.0,1250.0
500000,1250.59,-2689.32,9283.41,-2261.93,80.6639,-2196.85,-3524.95,-953.375,-3589.62,3291.97,4039.67,3301.11,0.00582507,500.0,1250.0
600000,1243.48,2304.92,9283.41,-2249.68,80.2052,-2156.12,2945.34,4087.98,-118.547,2754.11,-1758.37,-5018.79,0.00588588,600.0,1250.0
700000,1253.4,-6435.79,9283.41,-2266.97,80.8456,-2223.41,-4514.9,-7485.5,-7306.95,-1208.95,2738.82,-6357.59,0.00523179,700.0,1250.0
800000,1258.05,-103.202,9283.41,-2256.29,81.1453,-2175.75,3769.01,-7617.95,3539.34,94.5952,784.416,-935.59,0.00542259,800.0,1250.0
900000,1236.47,745.4,9283.41,-2254.87,79.7536,-2170.8,3799.13,-2396.44,833.512,333.924,2144.03,-1772.81,0.00567357,900.0,1250.0
1000000,1238.65,-2019.79,9283.41,-2261.09,79.8938,-2192.9,-1731.18,-6472.53,2144.33,-694.76,-428.565,-2454.39,0.00554541,1000.0,1250.0
1100000,1328.18,-1586.55,9283.41,-2261.69,85.6688,-2185.21,-450.887,1307.0,-5615.77,-887.622,846.943,2849.02,0.00609478,1100.0,1250.0
1200000,1246.36,-3307.61,9283.41,-2265.33,80.3913,-2204.1,-4013.9,-5909.53,0.594078,2657.0,2385.31,2017.69,0.00590747,1200.0,1250.0
1300000,1242.01,-2934.67,9283.41,-2259.42,80.1105,-2196.32,-7519.99,-2993.93,1709.9,444.837,1209.42,-836.568,0.00581445,1300.0,1250.0
1400000,1267.18,-2112.74,9283.41,-2260.43,81.7342,-2190.93,-4520.12,1184.91,-3003.02,5424.07,5188.93,-4469.81,0.00566989,1400.0,1250.0
1500000,1148.41,-4497.37,9283.41,-2263.69,74.0733,-2215.68,-2256.42,-8508.64,-2727.05,-3659.43,1242.23,1903.76,0.00592137,1500.0,1250.0
1600000,1266.23,-3193.62,9283.41,-2261.9,81.673,-2198.74,-2325.4,-2873.4,-4382.04,-4923.77,7270.01,-1381.43,0.00540381,1600.0,1250.0
1700000,1194.93,-697.939,9283.41,-2259.7,77.0741,-2186.67,-6374.17,4510.63,-230.278,937.358,-2088.39,-663.98,0.00560592,1700.0,1250.0
1800000,1200.46,-3992.4,9283.41,-2261.88,77.4307,-2207.59,-1589.6,-2770.14,-7617.46,1082.86,962.337,437.819,0.00505528,1800.0,1250.0
1900000,1303.67,-859.858,9283.41,-2265.02,84.0877,-2185.92,-2250.37,5019.19,-5348.39,-1413.64,2379.77,240.631,0.00499972,1900.0,1250.0
2000000,1203.87,-4093.38,9283.41,-2261.04,77.6504,-2207.1,-5689.34,-4342.23,-2248.58,101.12,-2407.28,262.378,0.00573888,2000.0,1250.0
2100000,1266.25,-3077.34,9283.41,-2259.31,81.6745,-2195.47,-794.577,-2858.06,-5579.38,1329.42,-4718.69,584.203,0.00580775,2100.0,1250.0
2200000,1320.62,-221.533,9283.41,-2256.15,85.1808,-2172.25,-1179.46,1076.21,-561.352,-4747.19,-6533.06,-2791.88,0.00606575,2200.0,1250.0
2300000,1304.76,-2339.18,9283.41,-2260.36,84.1581,-2189.75,-6682.18,226.591,-561.936,-903.364,1294.88,-3658.1,0.0059365,2300.0,1250.0
2400000,1226.72,-3147.16,9283.41,-2259.83,79.1244,-2198.94,117.322,-9609.24,50.4513,1383.08,1264.91,-5149.87,0.00614216,2400.0,1250.0
2500000,1200.29,794.97,9283.41,-2257.0,77.4199,-2174.97,693.173,152.885,1538.85,-5406.18,1230.5,-1319.54,0.00627907,2500.0,1250.0
2600000,1311.52,113.117,9283.41,-2259.23,84.594,-2173.98,-4278.82,1594.51,3023.66,237.645,-2626.74,-1965.65,0.00640154,2600.0,1250.0
2700000,1204.13,-1182.49,9283.41,-2258.26,77.6671,-2187.45,-3676.27,-1753.63,1882.42,3204.33,-3829.3,-732.84,0.00621706,2700.0,1250.0
2800000,1218.76,2552.92,9283.41,-2253.63,78.611,-2160.23,3170.83,5981.29,-1493.36,-2752.52,78.2172,-1652.73,0.00600838,2800.0,1250.0
2900000,1217.27,-4648.14,9283.41,-2264.5,78.5148,-2212.92,-8124.18,-6126.37,306.139,170.491,-538.744,-1023.25,0.00584276,2900.0,1250.0
3000000,1305.99,-4099.91,9283.41,-2263.88,84.2373,-2203.4,-10052.6,6914.35,-9161.44,-5990.64,102.679,-47.5326,0.0056869,3000.0,1250.0
3100000,1242.89,-3114.25,9283.41,-2261.8,80.1674,-2199.68,-3826.2,-1030.12,-4486.44,1469.99,1238.24,1190.04,0.00546326,3100.0,1250.0
3200000,1208.18,3769.82,9283.41,-2254.03,77.9287,-2154.26,990.688,1913.27,8405.5,-2725.91,-3628.66,-1567.25,0.0058004,3200.0,1250.0
3300000,1346.44,2303.25,9283.41,-2257.46,86.8463,-2157.27,3375.8,3345.73,188.228,2323.9,423.314,1460.41,0.00569042,3300.0,1250.0
3400000,1215.02,-2841.57,9283.41,-2260.56,78.3698,-2198.66,-5300.6,2334.45,-5558.56,1629.95,326.544,4124.92,0.005835,3400.0,1250.0
3500000,1302.85,-200.316,9283.41,-2257.89,84.0347,-2175.02,2407.62,-841.073,-2167.5,2626.64,-3325.46,-1058.06,0.0058712,3500.0,1250.0
3600000,1311.99,-702.258,9283.41,-2260.93,84.6243,-2180.38,-7057.3,1694.75,3255.77,1177.9,-2188.16,2691.52,0.0058387,3600.0,1250.0
3700000,1221.3,-2843.27,9283.41,-2257.59,78.7748,-2195.29,-2855.03,-3527.23,-2147.55,-912.754,3647.29,2104.6,0.0059562,3700.0,1250.0
3800000,1214.12,-5388.06,9283.41,-2264.2,78.3119,-2217.11,-6663.45,-5591.85,-3908.89,-844.973,1870.87,-2514.28,0.00639077,3800.0,1250.0
3900000,1179.2,-199.453,9283.41,-2258.17,76.0595,-2183.27,-800.187,354.961,-153.131,1824.97,-1593.84,-1522.14,0.00640863,3900.0,1250.0
4000000,1224.7,-1478.69,9283.41,-2253.92,78.9942,-2183.49,-6055.47,133.808,1485.59,4175.03,350.138,2144.03,0.00644172,4000.0,1250.0
4100000,1264.2,-3241.67,9283.41,-2265.62,81.542,-2202.86,-7291.24,2488.72,-4922.51,-2563.49,4078.34,-900.258,0.00628692,4100.0,1250.0
4200000,1221.04,1242.99,9283.41,-2252.19,78.7579,-2166.23,1429.23,-3953.09,6252.84,-470.091,-1679.92,1902.19,0.00624869,4200.0,1250.0
4300000,1156.83,-4280.61,9283.41,-2258.14,74.6165,-2208.33,-1478.45,-2352.0,-9011.38,3427.05,-1634.49,802.317,0.00651738,4300.0,1250.0
4400000,1344.48,-2700.72,9283.41,-2265.48,86.7201,-2194.41,-5915.85,-463.281,-1723.05,420.764,2523.11,1454.24,0.00660486,4400.0,1250.0
4500000,1279.31,-3378.7,9283.41,-2258.56,82.5166,-2195.62,-3215.95,-4727.08,-2193.07,1030.66,-3368.76,-6159.56,0.00665366,4500.0,1250.0
4600000,1157.46,-1388.68,9283.41,-2257.26,74.657,-2190.65,-3059.83,-123.138,-983.083,-6556.78,-2855.41,6395.15,0.00664407,4600.0,1250.0
4700000,1302.04,-2854.06,9283.41,-2259.92,83.9828,-2192.47,-1428.07,-5921.0,-1213.11,-1826.81,1318.58,-1480.48,0.00678775,4700.0,1250.0
4800000,1233.68,-1705.41,9283.41,-2261.99,79.5737,-2192.3,-2570.63,1409.25,-3954.83,-826.921,1075.67,-2075.45,0.00670225,4800.0,1250.0
4900000,1230.41,1646.84,9283.41,-2252.81,79.3627,-2163.91,3787.62,5656.75,-4503.84,-2728.28,2079.16,-1270.46,0.00649579,4900.0,1250.0
5000000,1276.69,-2069.55,9283.41,-2264.24,82.3477,-2193.89,-4675.48,-2871.11,1337.93,-906.736,1532.29,-2193.4,0.00643625,5000.0,1250.0
5100000,1152.49,-5977.82,9283.41,-2257.88,74.3364,-2218.18,-6613.9,-5065.75,-6253.82,1596.34,-1763.74,1576.94,0.00628919,5100.0,1250.0
5200000,1164.26,-2828.99,9283.41,-2257.1,75.0959,-2198.39,-5827.38,-2546.3,-113.294,-3857.53,-337.204,2131.42,0.00627097,5200.0,1250.0
5300000,1264.17,-2230.72,9283.41,-2263.05,81.5401,-2194.44,-7726.34,2346.1,-1311.92,2889.02,-2117.25,275.541,0.0064608,5300.0,1250.0
5400000,1253.69,-495.307,9283.41,-2261.56,80.8642,-2183.57,4007.33,-6276.02,782.763,-4462.77,-2342.11,-1642.68,0.00660896,5400.0,1250.0
5500000,1279.48,1743.09,9283.41,-2260.47,82.5276,-2167.84,447.092,2912.06,1870.11,-1936.63,2696.0,-2014.08,0.00661186,5500.0,1250.0
5600000,1272.3,-3198.55,9283.41,-2261.74,82.0645,-2198.21,-6624.14,-1455.46,-1516.06,1683.67,-1367.49,-112.839,0.00658193,5600.0,1250.0
5700000,1294.9,-869.36,9283.41,-2259.19,83.5223,-2180.7,-1054.0,1350.69,-2904.77,1234.97,-3292.9,-2326.86,0.00646539,5700.0,1250.0
5800000,1258.0,-3079.19,9283.41,-2261.54,81.1418,-2198.24,-2760.62,-7564.73,1087.79,-484.15,-281.241,-207.0,0.00665042,5800.0,1250.0
5900000,1269.12,-316.834,9283.41,-2256.16,81.8594,-2176.14,2831.32,-4303.1,521.286,-1562.92,3372.47,-1526.14,0.0069871,5900.0,1250.0
6000000,1275.69,2214.94,9283.41,-2257.27,82.283,-2162.16,5216.84,-1059.68,2487.66,1438.46,3477.24,5708.69,0.00686345,6000.0,1250.0
6100000,1279.18,-2769.87,9283.41,-2263.76,82.5079,-2197.3,-2590.91,-3559.45,-2159.25,-2056.02,329.718,1197.26,0.00679986,6100.0,1250.0
6200000,1346.39,558.25,9283.41,-2257.67,86.8432,-2167.59,1028.08,1794.37,-1147.7,-217.635,-914.176,1119.78,0.00691182,6200.0,1250.0
6300000,1284.39,-3082.97,9283.41,-2259.53,82.8443,-2194.55,-2731.9,-8302.21,1785.2,-2437.04,2598.55,2120.85,0.00678721,6300.0,1250.0
6400000,1277.93,-365.71,9283.41,-2255.25,82.4276,-2174.95,-4134.23,-931.146,3968.25,2962.91,2409.81,-4584.39,0.00674513,6400.0,1250.0
6500000,1244.37,-928.786,9283.41,-2256.79,80.2631,-2181.91,1572.06,1208.65,-5567.06,3293.51,-935.035,3074.51,0.00681976,6500.0,1250.0
6600000,1189.79,13.7411,9283.41,-2259.94,76.7425,-2183.12,-1885.66,4878.14,-2951.25,582.244,-581.62,-6825.71,0.00669613,6600.0,1250.0
6700000,1337.91,2526.28,9283.41,-2256.22,86.2965,-2155.29,-3493.75,5012.54,6060.04,-2129.36,-1349.96,-1512.65,0.00668076,6700.0,1250.0
6800000,1237.7,-816.044,9283.41,-2256.44,79.8323,-2181.33,-2122.04,-55.1601,-270.932,1160.72,3816.2,1675.73,0.0065735,6800.0,1250.0
6900000,1244.08,-3303.97,9283.41,-2259.03,80.2442,-2197.93,1390.76,-8697.98,-2604.68,2041.85,-1098.32,-323.159,0.00671938,6900.0,1250.0
7000000,1312.28,-574.093,9283.41,-2258.54,84.6431,-2177.23,-1948.56,-1551.02,1777.3,710.837,2264.41,705.765,0.00667103,7000.0,1250.0
7100000,1247.51,912.532,9283.41,-2256.28,80.4657,-2170.53,3017.01,2811.16,-3090.57,3790.7,-435.963,275.364,0.00661886,7100.0,1250.0
7200000,1283.05,-1567.59,9283.41,-2260.54,82.7581,-2186.86,639.714,-1211.36,-4131.12,2375.82,-3395.17,-996.481,0.00678539,7200.0,1250.0
7300000,1285.35,-2083.8,9283.41,-2259.91,82.9059,-2189.08,-2171.83,-4729.01,649.445,836.114,-4474.56,854.821,0.00692355,7300.0,1250.0
7400000,1167.73,-877.911,9283.41,-2257.76,75.3196,-2187.53,1182.54,1248.36,-5064.64,1771.96,-2547.78,1307.42,0.00692447,7400.0,1250.0
7500000,1259.33,-448.327,9283.41,-2256.59,81.2279,-2177.96,1635.88,-1264.11,-1716.75,798.324,-2553.34,-3019.64,0.00709727,7500.0,1250.0
7600000,1261.28,-3280.25,9283.41,-2261.64,81.3533,-2199.29,-2521.32,-2253.66,-5065.77,-1302.06,3684.98,-14.9949,0.00711858,7600.0,1250.0
7700000,1251.63,-4573.36,9283.41,-2266.47,80.7309,-2212.24,-3077.51,-5077.49,-5565.08,-2740.47,-8.69635,4411.78,0.0070427,7700.0,1250.0
7800000,1231.38,-3713.03,9283.41,-2264.27,79.4253,-2206.36,-2236.39,-4859.74,-4042.95,267.223,3453.47,1756.79,0.00694161,7800.0,1250.0
7900000,1243.32,-4166.05,9283.41,-2262.76,80.1954,-2206.7,-1119.99,-2833.08,-8545.07,2618.62,-1456.45,2045.98,0.00700142,7900.0,1250.0
8000000,1265.83,-3108.49,9283.41,-2264.09,81.6471,-2200.46,-2161.58,2492.15,-9656.03,2307.08,1609.26,1774.88,0.00699806,8000.0,1250.0
8100000,1282.45,550.532,9283.41,-2254.8,82.7188,-2168.89,1267.59,1146.16,-762.156,-256.567,-2752.53,-1302.39,0.00690092,8100.0,1250.0
8200000,1255.64,-973.809,9283.41,-2257.79,80.9897,-2182.45,-4689.42,1071.19,696.799,-2389.4,-613.783,-70.8754,0.00696035,8200.0,1250.0
8300000,1295.33,-3501.64,9283.41,-2266.12,83.5499,-2202.86,-5379.59,-6654.02,1528.7,3159.03,-722.434,759.536,0.00685214,8300.0,1250.0
8400000,1250.36,-555.35,9283.41,-2256.94,80.6491,-2179.51,2230.34,-1079.19,-2817.2,-2389.75,-2648.02,-1852.78,0.00686119,8400.0,1250.0
8500000,1191.46,-5321.61,9283.41,-2265.22,76.8499,-2219.21,-7200.86,-2450.8,-6313.18,-2485.42,2221.05,-3665.06,0.00703056,8500.0,1250.0
8600000,1254.46,441.718,9283.41,-2260.03,80.9134,-2176.56,-3792.3,-290.096,5407.55,2816.87,61.5962,-2615.56,0.00689793,8600.0,1250.0
8700000,1300.36,-3606.07,9283.41,-2264.41,83.8745,-2201.43,-2873.34,-6780.03,-1164.84,-1891.28,-12.1308,-5208.98,0.00699694,8700.0,1250.0
8800000,1194.51,-2725.14,9283.41,-2261.54,77.0471,-2200.29,-3973.73,-1473.35,-2728.34,-4860.35,1642.31,3785.43,0.00715875,8800.0,1250.0
8900000,1253.78,-4388.74,9283.41,-2262.21,80.87,-2206.77,-3717.99,-4470.32,-4977.91,-1306.79,-824.528,-2989.45,0.00708,8900.0,1250.0
9000000,1179.74,-1215.66,9283.41,-2254.05,76.0941,-2185.0,-3646.74,1190.25,-1190.48,1828.3,-284.947,3400.73,0.00701494,9000.0,1250.0
9100000,1232.19,-5165.73,9283.41,-2262.49,79.4775,-2212.94,-6431.76,-8242.68,-822.756,-404.849,-4368.13,1197.2,0.00704018,9100.0,1250.0
9200000,1228.27,1135.52,9283.41,-2258.45,79.2247,-2172.65,3388.41,-51.8607,70.0086,1100.62,-4576.09,-2356.67,0.00705083,9200.0,1250.0
9300000,1183.28,-2913.94,9283.41,-2260.49,76.3225,-2201.05,-2064.85,-1820.96,-4856.02,-2808.48,-1880.54,-1868.49,0.00705043,9300.0,1250.0
9400000,1290.1,-720.014,9283.41,-2258.54,83.2124,-2179.5,-1889.59,3391.66,-3662.11,1534.0,-1408.65,883.035,0.00700142,9400.0,1250.0
9500000,1217.4,-4381.56,9283.41,-2260.77,78.5233,-2207.64,2090.75,-8259.5,-6975.92,-6045.58,3105.19,3351.17,0.00699387,9500.0,1250.0
9600000,1189.86,37.0738,9283.41,-2258.66,76.7468,-2181.7,3584.02,-2161.32,-1311.48,5440.68,-673.927,2443.07,0.00692725,9600.0,1250.0
9700000,1248.7,-1871.01,9283.41,-2260.74,80.5424,-2191.04,-934.068,3254.67,-7933.64,-3299.13,839.383,-1837.1,0.0068881,9700.0,1250.0
9800000,1229.62,613.035,9283.41,-2253.8,79.3115,-2170.94,-1607.58,3182.01,264.677,-243.746,-1982.15,-655.772,0.00685971,9800.0,1250.0
9900000,1169.1,-4993.33,9283.41,-2264.14,75.4081,-2217.67,-5982.39,-2472.31,-6525.28,-1821.63,2477.66,-3029.2,0.00675083,9900.0,1250.0
10000000,1238.97,275.954,9283.41,-2258.06,79.9146,-2176.54,2052.29,-1607.94,383.509,6576.96,3495.59,1802.43,0.00676461,10000.0,1250.0
