TimeStep,temp,pressure,vol,pe,ke,enthalpy,pxx,pyy,pzz,pxy,pxz,pyz,visc,time,hold_temp
0,236.17,-595.542,8777.61,-2476.88,15.2331,-2464.91,839.085,-3694.3,1068.58,-449.596,-2735.59,-2517.83,0.00594438,0.0,250.0
100000,238.952,-1761.76,8777.61,-2477.8,15.4126,-2472.04,389.361,-3582.19,-2092.45,-735.945,-892.661,-2067.33,6.68012,100.0,250.0
200000,263.37,-321.943,8777.61,-2476.49,16.9876,-2461.26,1121.09,-1038.86,-1048.05,-257.265,-2819.45,-2170.96,6.59194,200.0,250.0
300000,253.706,-1048.32,8777.61,-2477.01,16.3643,-2466.39,1351.89,-2533.6,-1963.24,-79.8327,-1894.98,-2541.71,6.57666,300.0,250.0
400000,257.707,-809.925,8777.61,-2477.13,16.6223,-2464.94,-459.633,-970.851,-999.292,-1337.93,-1333.21,-1625.61,6.55044,400.0,250.0
500000,245.797,-1139.72,8777.61,-2477.28,15.8541,-2467.67,-36.232,-3032.31,-350.625,637.947,-1719.46,-2493.15,6.52958,500.0,250.0
600000,244.974,-729.165,8777.61,-2477.63,15.801,-2465.82,-1006.38,39.6469,-1220.77,-76.9331,-1046.43,-2042.23,6.50097,600.0,250.0
700000,258.068,-979.795,8777.61,-2477.29,16.6456,-2466.01,1104.58,-2428.77,-1615.19,-1278.36,-2545.88,-1800.24,6.51988,700.0,250.0
800000,252.25,-744.788,8777.61,-2477.66,16.2703,-2465.47,1079.88,-1243.19,-2071.06,-423.386,-1975.96,-3015.92,6.52288,800.0,250.0
900000,244.801,-1034.74,8777.61,-2476.45,15.7899,-2466.33,-1172.53,-1173.34,-758.35,-2039.66,-908.065,-2533.82,6.51834,900.0,250.0
1000000,237.022,-1759.56,8777.61,-2478.69,15.2881,-2473.04,158.227,-3198.75,-2238.16,-1068.54,-3303.19,-2566.91,6.52861,1000.0,250.0
1100000,267.838,-427.703,8777.61,-2476.9,17.2758,-2461.97,2690.64,-747.192,-3226.56,-511.247,-2459.61,-2279.13,6.53981,1100.0,250.0
1200000,256.195,-428.712,8777.61,-2476.29,16.5248,-2462.11,798.634,-380.433,-1704.34,-1057.33,228.377,-2019.22,6.54104,1200.0,250.0
1300000,252.62,-956.897,8777.61,-2477.41,16.2942,-2466.36,69.4279,-2371.42,-568.702,-1364.97,-1512.57,-3037.8,6.54912,1300.0,250.0
1400000,264.096,-559.858,8777.61,-2477.31,17.0344,-2463.34,2235.7,-1859.13,-2056.14,-1826.12,-892.874,-666.934,6.5576,1400.0,250.0
1500000,247.415,-1327.76,8777.61,-2477.18,15.9584,-2468.5,836.284,-2727.58,-2091.99,316.268,-1547.06,-3342.26,6.56186,1500.0,250.0
1600000,265.861,-467.787,8777.61,-2476.23,17.1483,-2461.65,1143.88,-1166.14,-1381.1,-1251.92,-840.552,-1019.99,6.56127,1600.0,250.0
1700000,231.926,-1608.96,8777.61,-2477.4,14.9594,-2471.26,-2365.61,-1740.74,-720.534,-1009.63,-2156.64,-959.808,6.56229,1700.0,250.0
1800000,241.891,-879.382,8777.61,-2477.47,15.6022,-2466.69,1246.88,-3010.94,-874.083,-368.829,-1050.78,-2792.91,6.56187,1800.0,250.0
1900000,258.227,-864.966,8777.61,-2477.06,16.6559,-2465.14,655.454,-1932.46,-1317.9,-2231.95,-315.922,-2591.29,6.56568,1900.0,250.0
2000000,261.995,-833.068,8777.61,-2477.2,16.8989,-2464.87,-593.257,-1913.83,7.88549,-1120.31,-2039.31,-1682.85,6.5612,2000.0,250.0
2100000,236.994,-1259.13,8777.61,-2477.24,15.2863,-2468.85,489.742,-2447.98,-1819.15,259.1,-3364.53,-3069.25,6.56719,2100.0,250.0
2200000,258.061,-740.492,8777.61,-2477.31,16.6451,-2464.72,-45.855,-2338.87,163.244,-786.226,-1354.9,-2714.22,6.56987,2200.0,250.0
2300000,250.515,-832.342,8777.61,-2477.09,16.1584,-2465.49,789.183,-366.916,-2919.29,-1900.17,-690.056,-2319.67,6.56977,2300.0,250.0
2400000,254.565,-1387.73,8777.61,-2477.7,16.4197,-2468.88,-117.144,-1643.14,-2402.9,898.487,-1445.04,-2074.85,6.57039,2400.0,250.0
2500000,233.389,-1291.15,8777.61,-2477.53,15.0538,-2469.55,842.88,-2575.33,-2140.99,1127.9,-2520.09,-1381.68,6.56878,2500.0,250.0
2600000,259.481,-1846.24,8777.61,-2477.0,16.7367,-2470.37,-631.742,-2201.27,-2705.69,-2162.67,-3439.66,-979.974,6.56737,2600.0,250.0
2700000,252.019,-1052.19,8777.61,-2478.03,16.2554,-2467.54,1804.79,-3423.79,-1537.58,-694.574,-3145.85,-2007.34,6.56354,2700.0,250.0
2800000,245.863,-1659.87,8777.61,-2478.08,15.8584,-2471.32,125.121,-3042.03,-2062.68,-309.854,-2283.9,-2463.84,6.56915,2800.0,250.0
2900000,247.035,-1329.15,8777.61,-2478.36,15.934,-2469.71,461.542,-2156.01,-2292.98,-1442.29,-188.185,-2116.59,6.56891,2900.0,250.0
3000000,264.839,-236.998,8777.61,-2476.84,17.0823,-2461.05,1862.06,-1093.08,-1479.97,-472.637,-1337.19,-2544.75,6.56348,3000.0,250.0
3100000,249.597,-673.917,8777.61,-2477.14,16.0992,-2464.74,223.677,-2071.62,-173.81,-1492.9,-3531.65,-2594.42,6.559,3100.0,250.0
3200000,254.724,-929.903,8777.61,-2477.13,16.4299,-2465.8,1310.04,-2282.37,-1817.37,-905.433,-1921.37,-2887.73,6.55892,3200.0,250.0
3300000,251.623,-833.111,8777.61,-2477.43,16.2299,-2465.76,2384.79,-2519.09,-2365.03,1075.24,-2046.97,-174.667,6.56602,3300.0,250.0
3400000,249.52,-897.96,8777.61,-2476.83,16.0943,-2465.66,-1353.42,-1648.45,307.995,-1231.49,-1980.58,-1317.57,6.56728,3400.0,250.0
3500000,254.146,-1216.3,8777.61,-2477.32,16.3926,-2467.59,283.982,-342.606,-3590.28,-733.182,-2154.46,-2641.13,6.56448,3500.0,250.0
3600000,256.797,-871.846,8777.61,-2477.52,16.5636,-2465.73,552.809,-1846.42,-1321.93,1110.62,-2475.46,-2004.38,6.56027,3600.0,250.0
3700000,251.618,-1147.43,8777.61,-2476.99,16.2296,-2467.05,529.702,-3149.17,-822.805,390.825,-1541.18,-1938.63,6.56023,3700.0,250.0
3800000,253.68,-827.044,8777.61,-2476.65,16.3626,-2464.82,-634.172,-1877.57,30.6095,-1239.66,-2653.44,-2300.75,6.56124,3800.0,250.0
3900000,262.046,-966.706,8777.61,-2476.16,16.9022,-2464.56,133.003,-1448.2,-1584.92,-175.041,-1097.78,-1263.59,6.55945,3900.0,250.0
4000000,241.675,-1704.64,8777.61,-2477.67,15.5882,-2471.42,472.626,-2715.72,-2870.84,-412.771,-2829.3,-2318.55,6.56036,4000.0,250.0
4100000,269.534,-2072.49,8777.61,-2477.74,17.3852,-2471.71,-705.073,-2146.48,-3365.91,-616.966,-1133.47,-1924.38,6.5617,4100.0,250.0
4200000,251.054,-557.944,8777.61,-2476.69,16.1932,-2463.55,682.736,-927.237,-1429.33,-75.3184,-1521.65,-2135.42,6.56376,4200.0,250.0
4300000,248.966,-978.331,8777.61,-2477.82,16.0585,-2467.12,2552.75,-2890.65,-2597.09,-618.54,-2910.47,-1981.16,6.56258,4300.0,250.0
4400000,234.43,-1695.48,8777.61,-2477.72,15.121,-2471.89,-2203.38,-2086.27,-796.775,-411.176,-1475.63,-2284.56,6.561,4400.0,250.0
4500000,255.543,-1159.82,8777.61,-2476.89,16.4827,-2466.77,223.353,-1720.79,-1982.02,-179.317,-2050.8,-2992.19,6.56174,4500.0,250.0
4600000,259.447,-884.357,8777.61,-2477.56,16.7346,-2465.67,1191.65,-1095.14,-2749.58,-1226.4,-2667.17,-2133.58,6.56173,4600.0,250.0
4700000,236.808,-1590.07,8777.61,-2478.19,15.2743,-2471.63,514.422,-2876.65,-2407.99,-1343.12,-1721.44,-3010.58,6.56349,4700.0,250.0
4800000,258.169,-621.006,8777.61,-2476.32,16.6521,-2463.07,142.637,-385.063,-1620.59,-139.167,-2706.55,-3289.28,6.56087,4800.0,250.0
4900000,245.088,-1079.27,8777.61,-2478.07,15.8084,-2468.18,-79.9793,-2703.81,-454.017,1325.98,-2504.69,-1165.1,6.56015,4900.0,250.0
5000000,233.861,-1794.15,8777.61,-2477.94,15.0842,-2472.68,-1333.22,-3158.66,-890.557,-1158.76,-1817.7,-2098.56,6.55678,5000.0,250.0
5100000,239.024,-746.516,8777.61,-2477.68,15.4172,-2466.36,-597.017,-135.136,-1507.4,392.895,-1384.7,-2441.25,6.55545,5100.0,250.0
5200000,254.776,-713.877,8777.61,-2477.0,16.4333,-2464.48,790.64,-1308.01,-1624.26,818.342,-2906.54,-3291.82,6.55786,5200.0,250.0
5300000,259.651,-557.907,8777.61,-2476.63,16.7477,-2462.94,1310.96,-606.648,-2378.04,-475.701,-1850.82,-347.892,6.55972,5300.0,250.0
5400000,243.81,-1569.87,8777.61,-2478.31,15.726,-2471.19,-432.048,-2520.07,-1757.48,-1142.29,-574.562,-1501.81,6.56343,5400.0,250.0
5500000,251.835,-1018.38,8777.61,-2476.79,16.2436,-2466.13,1024.81,-2682.63,-1397.3,-397.191,-2413.03,-2350.92,6.5672,5500.0,250.0
5600000,245.042,-1888.05,8777.61,-2478.57,15.8054,-2473.11,-1408.86,-3656.47,-598.816,-34.0776,-1073.49,-2520.37,6.56768,5600.0,250.0
5700000,236.563,-562.986,8777.61,-2477.47,15.2585,-2465.3,2126.48,-2511.69,-1303.75,-157.128,-2332.51,-3438.11,6.56458,5700.0,250.0
5800000,248.103,-859.119,8777.61,-2477.37,16.0028,-2466.07,1455.91,-2845.5,-1187.78,-1230.67,-3309.35,-1636.98,6.56364,5800.0,250.0
5900000,239.549,-1049.82,8777.61,-2477.61,15.4511,-2467.91,-654.058,-1778.0,-717.399,1013.33,-1204.94,-985.574,6.56501,5900.0,250.0
6000000,266.096,-596.175,8777.61,-2476.54,17.1634,-2462.64,1209.28,-3468.9,471.096,-521.865,-1312.21,-1368.68,6.56362,6000.0,250.0
6100000,249.709,-1994.53,8777.61,-2477.01,16.1064,-2471.83,-598.876,-2063.84,-3320.89,-515.612,-2666.6,-1826.56,6.56215,6100.0,250.0
6200000,256.342,-1048.62,8777.61,-2477.35,16.5342,-2466.56,-966.235,-1924.37,-255.255,318.171,-1173.72,-3364.55,6.56051,6200.0,250.0
6300000,258.471,-1474.37,8777.61,-2477.88,16.6716,-2469.29,-1428.34,-927.533,-2067.25,719.416,-3366.66,-1380.27,6.56102,6300.0,250.0
6400000,241.082,-1573.55,8777.61,-2477.43,15.55,-2470.5,1605.28,-4068.56,-2257.37,-1480.23,-3319.42,-5147.04,6.55961,6400.0,250.0
6500000,253.062,-945.582,8777.61,-2478.01,16.3227,-2466.86,-358.827,-603.063,-1874.85,808.026,-744.177,-2588.8,6.56146,6500.0,250.0
6600000,255.674,-1658.08,8777.61,-2478.53,16.4912,-2471.13,1666.98,-3673.38,-2967.83,-989.136,-1116.5,-1997.27,6.56222,6600.0,250.0
6700000,253.532,-769.601,8777.61,-2477.39,16.353,-2465.25,-640.132,-1704.64,35.9705,-1868.7,-3202.73,-3133.85,6.5606,6700.0,250.0
6800000,253.502,-1321.69,8777.61,-2476.97,16.3511,-2467.86,1056.46,-1269.47,-3752.06,-51.6134,-1399.12,-2564.44,6.56031,6800.0,250.0
6900000,267.712,-617.516,8777.61,-2475.88,17.2677,-2462.0,694.605,-1042.37,-1504.79,77.7768,-3097.31,-2190.27,6.56116,6900.0,250.0
7000000,264.791,-1251.89,8777.61,-2477.34,17.0792,-2467.12,743.945,-2154.61,-2345.0,129.231,-136.812,-2697.23,6.56053,7000.0,250.0
7100000,234.288,-2167.03,8777.61,-2478.07,15.1117,-2474.83,-1301.62,-3185.0,-2014.48,-205.371,-1114.99,-2866.2,6.56189,7100.0,250.0
7200000,235.115,-1251.82,8777.61,-2477.2,15.1651,-2468.89,172.457,-1882.84,-2045.07,-102.756,-420.333,-3483.07,6.56444,7200.0,250.0
7300000,253.593,-1030.52,8777.61,-2477.81,16.3569,-2467.1,-136.559,-1769.54,-1185.46,-33.5693,-348.381,-611.895,6.56489,7300.0,250.0
7400000,245.552,-1518.89,8777.61,-2477.71,15.8383,-2470.19,-359.546,-2149.95,-2047.16,-1209.41,-3402.48,-4366.28,6.56345,7400.0,250.0
7500000,250.969,-954.068,8777.61,-2476.54,16.1877,-2465.58,15.2669,-2560.35,-317.124,132.161,-902.464,-3260.03,6.56263,7500.0,250.0
7600000,252.978,-1179.84,8777.61,-2475.89,16.3173,-2466.04,2340.4,-4454.96,-1424.95,-797.241,-2101.26,-2618.5,6.56223,7600.0,250.0
7700000,244.921,-1353.52,8777.61,-2476.9,15.7976,-2468.51,-979.57,-2342.79,-738.206,504.355,-3219.38,-1870.32,6.56447,7700.0,250.0
7800000,241.422,-1187.05,8777.61,-2476.3,15.5719,-2467.23,1478.15,-4622.81,-416.489,-932.141,-2420.79,-1562.58,6.56557,7800.0,250.0
7900000,241.359,-1120.5,8777.61,-2476.88,15.5678,-2467.45,573.788,-1641.58,-2293.7,-1626.16,-2522.43,-2628.82,6.56732,7900.0,250.0
8000000,242.198,-1984.91,8777.61,-2477.51,15.622,-2472.77,-2452.03,-1680.83,-1821.88,-1083.93,-2410.68,-2328.42,6.56904,8000.0,250.0
8100000,253.01,-2241.01,8777.61,-2477.86,16.3194,-2473.82,-1803.16,-2618.67,-2301.2,-972.939,-509.433,-4321.39,6.57043,8100.0,250.0
8200000,254.682,-831.558,8777.61,-2477.21,16.4272,-2465.34,90.9951,-2222.25,-363.419,243.174,-1530.11,-3312.39,6.56983,8200.0,250.0
8300000,236.902,-849.16,8777.61,-2476.38,15.2804,-2465.75,-30.3731,-584.586,-1932.52,-830.313,-1752.49,-2575.14,6.5678,8300.0,250.0
8400000,251.62,-846.56,8777.61,-2475.76,16.2297,-2464.17,528.648,-3429.63,361.303,649.548,-1905.96,-732.286,6.56686,8400.0,250.0
8500000,260.942,-626.103,8777.61,-2477.08,16.831,-2463.68,425.677,-636.985,-1667.0,890.325,-3250.18,-1694.99,6.56707,8500.0,250.0
8600000,243.11,-988.201,8777.61,-2476.44,15.6808,-2466.18,-422.844,-1968.62,-573.14,-60.4002,-1364.56,-1681.11,6.56591,8600.0,250.0
8700000,260.815,-1020.04,8777.61,-2477.26,16.8228,-2466.03,-1485.59,-269.861,-1304.68,110.967,-2514.58,-2138.64,6.56571,8700.0,250.0
8800000,259.404,-553.473,8777.61,-2477.24,16.7318,-2463.54,1461.97,-2205.54,-916.842,-952.335,317.498,-2239.98,6.56462,8800.0,250.0
8900000,241.385,-759.514,8777.61,-2477.51,15.5695,-2466.11,1768.56,-2085.76,-1961.34,742.296,-2970.3,-3081.48,6.56352,8900.0,250.0
9000000,247.231,-1152.12,8777.61,-2477.72,15.9466,-2468.08,390.803,-1611.99,-2235.18,-144.248,-1236.79,-2089.35,6.56361,9000.0,250.0
9100000,260.955,-1010.23,8777.61,-2477.89,16.8318,-2466.59,-779.5,-1963.62,-287.561,108.84,-2302.31,-3427.51,6.56504,9100.0,250.0
9200000,257.759,-1154.02,8777.61,-2478.11,16.6257,-2467.81,-159.629,-1225.83,-2076.6,-1566.35,-1110.05,123.919,6.56335,9200.0,250.0
9300000,244.542,-1138.85,8777.61,-2476.24,15.7731,-2466.71,-36.242,-1968.36,-1411.94,624.287,-1369.15,-2394.93,6.56402,9300.0,250.0
9400000,238.522,-653.004,8777.61,-2477.06,15.3848,-2465.25,268.123,-1082.17,-1144.97,-1674.51,-2187.24,-4015.35,6.5644,9400.0,250.0
9500000,242.943,-519.251,8777.61,-2477.45,15.67,-2464.62,1498.76,-1977.15,-1079.37,-1488.63,-1523.2,-1984.0,6.56414,9500.0,250.0
9600000,255.855,-435.242,8777.61,-2476.51,16.5028,-2462.39,54.9001,-959.567,-401.058,-919.695,-2680.51,-4020.64,6.56426,9600.0,250.0
9700000,258.552,-1187.63,8777.61,-2476.94,16.6768,-2466.77,-5.60495,-3765.8,208.507,-588.639,-1794.01,-749.295,6.56503,9700.0,250.0
9800000,255.815,-1535.58,8777.61,-2477.81,16.5002,-2469.72,-1889.37,-2680.57,-36.815,-1783.38,-2166.41,-3102.19,6.56504,9800.0,250.0
9900000,250.367,-1401.7,8777.61,-2477.4,16.1489,-2468.93,167.988,-1733.83,-2639.25,-216.99,-429.441,-2615.9,6.56713,9900.0,250.0
10000000,247.594,-1694.17,8777.61,-2478.01,15.97,-2471.32,-1642.43,-3076.14,-363.949,-183.153,-76.1545,-1359.12,6.56811,10000.0,250.0
