TimeStep,temp,pressure,vol,pe,ke,enthalpy,pxx,pyy,pzz,pxy,pxz,pyz,visc,time,hold_temp
0,376.744,-1116.61,6871.41,-2849.75,24.3003,-2830.24,5040.75,-11757.1,3366.56,-5730.43,-911.356,-4057.16,0.0103953,0.0,400.0
100000,403.666,292.162,6871.41,-2848.11,26.0368,-2820.82,2553.27,-3937.92,2261.14,-4352.08,2979.16,-5029.13,12.4222,100.0,400.0
200000,416.759,-1032.29,6871.41,-2849.9,26.8813,-2827.45,-81.9264,-6453.92,3438.98,-1496.22,3878.36,-4013.33,13.1133,200.0,400.0
300000,392.4,-2465.96,6871.41,-2849.38,25.3101,-2834.65,-167.511,-4590.29,-2640.07,-1888.04,2486.71,-6006.95,12.9442,300.0,400.0
400000,398.42,-2463.29,6871.41,-2849.56,25.6984,-2834.43,-3344.87,-2279.55,-1765.44,-2185.89,414.582,-4241.17,12.1914,400.0,400.0
500000,395.773,-1374.89,6871.41,-2849.6,25.5277,-2829.97,525.191,-5388.75,738.881,-1317.97,897.325,-4458.17,11.6681,500.0,400.0
600000,399.422,-177.726,6871.41,-2848.38,25.763,-2823.38,4295.09,-1968.68,-2859.59,-1347.91,-824.991,-4095.24,11.3208,600.0,400.0
700000,384.58,696.423,6871.41,-2847.14,24.8057,-2819.35,2482.92,102.766,-496.415,-1202.28,3298.2,-7249.4,11.0784,700.0,400.0
800000,396.839,-1061.63,6871.41,-2848.97,25.5965,-2827.92,223.95,-5680.11,2271.27,-99.2574,3421.6,-3107.99,10.9257,800.0,400.0
900000,409.68,-1562.77,6871.41,-2850.03,26.4247,-2830.3,-3481.24,-2302.84,1095.76,-1563.13,49.9143,-2824.29,10.8206,900.0,400.0
1000000,399.086,-1508.05,6871.41,-2848.85,25.7414,-2829.57,-1727.53,-5979.99,3183.38,1061.99,669.271,-4462.35,10.7325,1000.0,400.0
1100000,389.883,-920.858,6871.41,-2849.05,25.1477,-2827.86,-1758.86,-4092.21,3088.51,-1134.2,0.995869,-4653.01,10.6235,1100.0,400.0
1200000,383.568,318.11,6871.41,-2848.2,24.7405,-2822.1,1883.19,-4037.67,3108.81,1813.0,-200.052,-5630.69,10.5432,1200.0,400.0
1300000,382.434,-3510.96,6871.41,-2849.38,24.6673,-2839.77,-4101.92,-7344.37,913.401,1762.85,0.24254,-4881.89,10.502,1300.0,400.0
1400000,416.155,-362.329,6871.41,-2848.94,26.8423,-2823.65,-337.54,-3909.2,3159.75,-1295.19,286.566,-2397.52,10.4557,1400.0,400.0
1500000,414.891,-1592.88,6871.41,-2849.34,26.7608,-2829.41,-1758.62,-8573.8,5553.77,-1750.75,2526.59,-2161.0,10.414,1500.0,400.0
1600000,402.828,-2012.34,6871.41,-2849.4,25.9827,-2832.05,-863.952,-3943.8,-1229.27,86.0427,2886.87,-3786.16,10.4217,1600.0,400.0
1700000,400.002,-2697.7,6871.41,-2849.7,25.8004,-2835.47,-4302.63,-4321.86,531.385,-1171.73,1745.32,-4863.29,10.386,1700.0,400.0
1800000,406.209,-1832.02,6871.41,-2849.12,26.2008,-2830.77,-1327.16,-6038.88,1869.98,-1908.56,1007.32,-4027.27,10.3421,1800.0,400.0
1900000,394.491,-3171.91,6871.41,-2851.45,25.445,-2839.61,-2964.28,-4886.63,-1664.82,-504.328,3775.85,-4574.86,10.3117,1900.0,400.0
2000000,401.608,-516.793,6871.41,-2848.85,25.904,-2825.16,1088.37,-5197.72,2558.97,-1058.01,1144.31,-5448.7,10.2838,2000.0,400.0
2100000,396.791,-2611.45,6871.41,-2849.44,25.5933,-2835.05,-3341.22,-5740.38,1247.26,30.682,2358.79,-4799.2,10.2318,2100.0,400.0
2200000,374.968,-3045.84,6871.41,-2850.04,24.1858,-2838.91,-6062.67,-4053.36,978.507,-138.861,2206.78,-5523.2,10.1992,2200.0,400.0
2300000,411.758,-2169.87,6871.41,-2849.68,26.5587,-2832.43,-807.78,-7841.33,2139.5,-1475.24,217.198,-6524.23,10.1821,2300.0,400.0
2400000,387.219,-4259.28,6871.41,-2850.07,24.976,-2843.37,-4942.11,-7703.25,-132.495,2508.92,985.55,-5738.89,10.1655,2400.0,400.0
2500000,391.036,-1647.45,6871.41,-2848.21,25.2221,-2830.05,-1192.82,-3906.75,157.205,-190.852,2496.0,-4362.26,10.1306,2500.0,400.0
2600000,383.305,-1687.2,6871.41,-2848.56,24.7235,-2831.07,-76.0952,-5133.48,147.98,-1737.89,825.682,-1896.87,10.1094,2600.0,400.0
2700000,396.741,-1491.24,6871.41,-2849.61,25.5901,-2830.41,-2204.07,-7863.28,5593.63,-1831.38,-184.612,-4995.56,10.0973,2700.0,400.0
2800000,388.229,-2695.09,6871.41,-2850.39,25.0411,-2836.9,-3471.81,-5520.97,907.511,-1990.92,3619.68,-5341.74,10.0845,2800.0,400.0
2900000,389.701,-3490.62,6871.41,-2852.37,25.136,-2842.21,-477.171,-9461.88,-532.817,20.8736,613.755,-3890.43,10.0827,2900.0,400.0
3000000,391.579,-2692.95,6871.41,-2850.77,25.2571,-2837.06,54.3146,-5809.87,-2323.3,382.883,2363.36,-3878.11,10.076,3000.0,400.0
3100000,414.662,-920.105,6871.41,-2847.52,26.746,-2824.72,2226.06,-6719.66,1733.29,696.705,2016.66,-3062.56,10.0639,3100.0,400.0
3200000,411.889,-1641.71,6871.41,-2850.45,26.5672,-2830.92,-307.042,-5652.93,1034.85,-2185.92,1496.62,-4557.98,10.0507,3200.0,400.0
3300000,408.243,-1318.42,6871.41,-2849.6,26.332,-2828.93,1683.23,-3563.9,-2074.6,-1217.25,547.002,-3050.53,10.0431,3300.0,400.0
3400000,426.744,-986.222,6871.41,-2849.35,27.5254,-2826.06,411.181,-4473.37,1103.52,-568.09,3313.86,-4590.78,10.0249,3400.0,400.0
3500000,374.216,-90.967,6871.41,-2849.82,24.1373,-2826.07,4409.61,-5063.89,381.378,-4232.3,-929.316,-2388.23,10.0206,3500.0,400.0
3600000,398.56,-489.025,6871.41,-2847.08,25.7074,-2823.47,-800.45,-2960.98,2294.35,-2770.88,661.203,-6255.93,10.0198,3600.0,400.0
3700000,388.341,-1758.28,6871.41,-2848.6,25.0483,-2831.1,-179.658,-4089.11,-1006.07,-1117.12,-635.913,-4485.98,10.0113,3700.0,400.0
3800000,430.118,-1358.84,6871.41,-2848.31,27.743,-2826.4,1700.18,-5281.91,-494.771,-477.097,-183.402,-1320.38,10.0062,3800.0,400.0
3900000,419.629,-2566.65,6871.41,-2848.88,27.0664,-2832.83,-331.829,-7781.73,413.601,-2605.78,4837.91,-6434.28,9.99579,3900.0,400.0
4000000,398.637,-1070.41,6871.41,-2849.24,25.7124,-2828.12,1075.44,-1808.88,-2477.8,945.47,725.808,-3473.36,9.9898,4000.0,400.0
4100000,391.788,-1271.86,6871.41,-2850.35,25.2706,-2830.54,2138.28,-4875.44,-1078.43,1385.79,-1273.64,-4332.36,9.98135,4100.0,400.0
4200000,381.846,-2415.2,6871.41,-2849.7,24.6294,-2835.42,-4413.64,-3834.66,1002.69,-822.314,2654.07,-3563.19,9.97711,4200.0,400.0
4300000,407.439,-455.217,6871.41,-2850.22,26.2801,-2825.89,4883.21,-8891.74,2642.88,-2052.56,1923.76,-4336.92,9.96942,4300.0,400.0
4400000,402.642,-1905.13,6871.41,-2850.19,25.9708,-2832.39,1297.05,-6340.83,-671.625,-2481.18,702.991,-5641.31,9.96524,4400.0,400.0
4500000,403.258,-1444.97,6871.41,-2848.88,26.0105,-2829.07,-1721.53,-3328.62,715.248,-123.998,3194.0,-2861.65,9.96192,4500.0,400.0
4600000,416.879,-514.747,6871.41,-2848.12,26.889,-2823.44,1734.43,-2203.15,-1075.52,-2499.35,1118.84,-5764.56,9.96027,4600.0,400.0
4700000,405.624,-1597.97,6871.41,-2847.62,26.1631,-2828.31,-475.154,-6610.28,2291.52,19.8394,1976.21,-5293.97,9.95549,4700.0,400.0
4800000,398.741,-1504.74,6871.41,-2850.46,25.7191,-2831.2,1199.4,-6009.11,295.49,-1325.37,-137.263,-5427.57,9.95463,4800.0,400.0
4900000,417.12,127.537,6871.41,-2849.47,26.9046,-2822.02,2751.56,-2803.45,434.508,-2459.23,828.591,-3622.11,9.95666,4900.0,400.0
5000000,406.213,-1032.43,6871.41,-2848.43,26.2011,-2826.66,3528.34,-6360.32,-265.312,-2281.54,2356.65,-2885.66,9.96074,5000.0,400.0
5100000,384.43,-1630.48,6871.41,-2850.2,24.7961,-2832.4,110.545,-6179.28,1177.3,-945.737,3838.08,-2845.07,9.9587,5100.0,400.0
5200000,403.716,-433.394,6871.41,-2847.98,26.04,-2823.8,-2005.56,-2279.77,2985.15,94.5211,2258.06,-5512.12,9.95465,5200.0,400.0
5300000,396.565,-1352.54,6871.41,-2848.15,25.5787,-2828.37,1094.55,-6737.26,1585.09,-655.524,2973.51,-5030.39,9.95425,5300.0,400.0
5400000,397.696,-932.895,6871.41,-2848.07,25.6517,-2826.42,-886.955,-3466.16,1554.43,-1591.75,976.188,-3896.37,9.95467,5400.0,400.0
5500000,392.647,731.345,6871.41,-2847.19,25.326,-2818.73,3993.72,-7457.35,5657.67,-672.694,998.822,-3044.71,9.96007,5500.0,400.0
5600000,400.527,-3258.55,6871.41,-2849.88,25.8343,-2838.02,1065.62,-6924.51,-3916.75,-2114.69,-400.316,-2727.73,9.95924,5600.0,400.0
5700000,413.629,-2570.1,6871.41,-2849.44,26.6794,-2833.78,18.2572,-8542.43,813.866,-2115.35,2852.43,-5378.01,9.95624,5700.0,400.0
5800000,397.883,-1637.36,6871.41,-2850.08,25.6638,-2831.44,518.084,-6566.33,1136.17,-2740.34,-399.18,-3049.45,9.95606,5800.0,400.0
5900000,414.709,-1490.68,6871.41,-2849.66,26.7491,-2829.3,-1935.05,-3049.12,512.139,-1128.89,2616.62,-6930.93,9.95392,5900.0,400.0
6000000,407.642,-1200.33,6871.41,-2849.41,26.2932,-2828.27,650.568,-5391.49,1139.92,-246.303,2498.46,-4749.62,9.95034,6000.0,400.0
6100000,409.139,-1286.27,6871.41,-2848.61,26.3898,-2827.74,1218.06,-5182.43,105.545,-2892.0,2653.28,-5538.01,9.94812,6100.0,400.0
6200000,420.892,-191.686,6871.41,-2847.22,27.1479,-2820.89,3418.89,-6652.39,2658.45,-201.118,4773.1,-5868.4,9.94429,6200.0,400.0
6300000,404.126,-848.912,6871.41,-2848.26,26.0665,-2825.83,-3629.61,-2364.0,3446.87,1559.23,1155.05,-7191.61,9.94591,6300.0,400.0
6400000,406.426,-602.554,6871.41,-2847.23,26.2148,-2823.6,1621.38,-4110.49,681.444,-2627.65,1628.16,-7810.01,9.94607,6400.0,400.0
6500000,390.059,-2148.57,6871.41,-2848.84,25.1591,-2832.89,-2649.24,-5127.57,1331.11,-1420.72,688.012,-4793.25,9.94585,6500.0,400.0
6600000,392.263,-2190.91,6871.41,-2849.22,25.3013,-2833.31,-4082.19,-6595.06,4104.51,829.394,3252.81,-6213.85,9.94473,6600.0,400.0
6700000,398.788,-2399.85,6871.41,-2850.58,25.7221,-2835.15,-183.637,-6628.76,-387.147,-882.748,1314.07,-4895.17,9.94402,6700.0,400.0
6800000,410.515,-1490.87,6871.41,-2850.1,26.4785,-2830.01,973.422,-5905.63,459.614,1286.37,-542.681,-5795.75,9.94476,6800.0,400.0
6900000,379.958,-1853.01,6871.41,-2850.06,24.5076,-2833.5,-2061.03,-5400.37,1902.37,-1884.38,1535.02,-3130.31,9.94916,6900.0,400.0
7000000,415.521,-1569.83,6871.41,-2849.78,26.8014,-2829.72,-2573.01,-5916.12,3779.65,-2761.45,2513.41,-4784.92,9.94882,7000.0,400.0
7100000,385.962,-2179.29,6871.41,-2848.09,24.8949,-2832.54,-1960.4,-7495.96,2918.48,1755.79,343.243,-4026.81,9.95391,7100.0,400.0
7200000,405.441,-1644.25,6871.41,-2848.42,26.1513,-2829.32,2361.18,-8598.82,1304.89,-1867.61,-474.868,-3526.9,9.95459,7200.0,400.0
7300000,420.378,-110.527,6871.41,-2848.79,27.1147,-2822.15,1055.27,-4794.99,3408.13,-2660.08,-664.473,-2745.79,9.96074,7300.0,400.0
7400000,397.284,-1191.13,6871.41,-2849.85,25.6251,-2829.33,1008.81,-9982.51,5400.3,-5613.58,2371.3,-4132.28,9.96221,7400.0,400.0
7500000,398.232,-265.756,6871.41,-2847.89,25.6863,-2823.34,1416.23,-6454.24,4240.74,-2.92425,1765.42,-7715.49,9.9628,7500.0,400.0
7600000,373.831,-2213.48,6871.41,-2848.64,24.1124,-2834.02,-543.972,-4801.59,-1294.88,-269.85,-19.5821,-4928.28,9.96107,7600.0,400.0
7700000,411.793,-2824.04,6871.41,-2849.06,26.561,-2834.61,-1368.58,-5385.89,-1717.65,-1330.8,2034.95,-3839.76,9.95693,7700.0,400.0
7800000,401.5,-1389.75,6871.41,-2848.92,25.897,-2828.98,207.796,-2514.3,-1862.74,-2077.57,130.759,-5759.96,9.95513,7800.0,400.0
7900000,401.519,-1931.01,6871.41,-2849.22,25.8983,-2831.6,-2043.6,-4002.37,252.941,-501.883,1267.96,-3699.1,9.95444,7900.0,400.0
8000000,409.346,-963.972,6871.41,-2847.8,26.4031,-2825.53,-2141.47,-3562.59,2812.15,-1518.02,3171.8,-3122.35,9.95492,8000.0,400.0
8100000,424.882,482.349,6871.41,-2848.94,27.4053,-2819.46,3198.23,-4074.13,2322.95,-2425.73,1666.99,-6556.05,9.95301,8100.0,400.0
8200000,394.034,-2185.02,6871.41,-2849.13,25.4155,-2833.08,-2433.12,-5094.38,972.45,1.20022,2174.9,-6035.38,9.9492,8200.0,400.0
8300000,399.159,-2505.33,6871.41,-2850.32,25.7461,-2835.32,2093.06,-7747.89,-1861.16,2381.96,1149.48,-4849.46,9.94529,8300.0,400.0
8400000,401.263,-1125.34,6871.41,-2848.56,25.8818,-2827.51,-1498.0,-4252.52,2374.51,-1074.57,-607.541,-3229.77,9.93864,8400.0,400.0
8500000,380.278,-1806.65,6871.41,-2848.3,24.5282,-2831.52,-1763.27,-3517.67,-139.009,509.466,1231.79,-5485.65,9.93989,8500.0,400.0
8600000,366.677,-1701.19,6871.41,-2849.35,23.651,-2833.0,1955.17,-7615.78,557.048,154.458,1321.09,-4238.04,9.94039,8600.0,400.0
8700000,418.942,-1654.04,6871.41,-2848.33,27.0221,-2828.4,1212.69,-6663.29,488.468,-29.6489,1123.21,-5360.85,9.93848,8700.0,400.0
8800000,393.335,-1334.68,6871.41,-2847.62,25.3705,-2827.97,2221.21,-7320.17,1094.93,-1266.0,-1790.99,-2616.59,9.9388,8800.0,400.0
8900000,406.754,-1480.19,6871.41,-2850.76,26.236,-2830.87,-864.128,-5062.87,1486.41,-350.758,-509.477,-6132.35,9.9378,8900.0,400.0
9000000,408.077,-189.849,6871.41,-2849.15,26.3213,-2823.65,-338.997,-1166.33,935.776,-721.457,1897.85,-5869.23,9.93984,9000.0,400.0
9100000,395.614,-1305.78,6871.41,-2849.74,25.5174,-2829.82,-262.575,-4073.65,418.897,1784.32,-767.735,-4802.27,9.93774,9100.0,400.0
9200000,416.395,-662.237,6871.41,-2848.79,26.8578,-2824.77,-1177.59,-3127.21,2318.09,-1018.53,2843.32,-4300.97,9.93863,9200.0,400.0
9300000,380.866,-1020.24,6871.41,-2848.61,24.5662,-2828.42,4436.18,-8331.09,834.182,-3756.56,-2831.78,-5179.49,9.93522,9300.0,400.0
9400000,411.264,-2330.84,6871.41,-2849.56,26.5269,-2833.03,-2524.49,-2663.65,-1804.37,-1231.9,3804.6,-5951.16,9.93503,9400.0,400.0
9500000,402.261,-1107.54,6871.41,-2848.25,25.9462,-2827.06,-272.672,-5219.72,2169.78,1286.92,1925.58,-6146.52,9.93514,9500.0,400.0
9600000,418.647,-130.024,6871.41,-2847.79,27.0031,-2821.35,4683.24,-4984.99,-88.3289,1145.24,-1231.06,-3322.52,9.93512,9600.0,400.0
9700000,389.356,-2359.64,6871.41,-2849.29,25.1138,-2834.3,-1007.57,-6622.2,550.843,-2120.91,2103.55,-3653.98,9.93309,9700.0,400.0
9800000,432.426,-2096.36,6871.41,-2849.8,27.8918,-2830.9,1365.12,-6135.21,-1518.98,1015.68,1377.69,-3720.65,9.93146,9800.0,400.0
9900000,400.075,-2311.03,6871.41,-2850.07,25.8051,-2834.17,-2762.73,-4142.32,-28.0287,937.047,-181.754,-4481.91,9.92714,9900.0,400.0
10000000,402.466,-1519.62,6871.41,-2848.66,25.9594,-2829.22,-3011.41,-4051.7,2504.25,-1420.59,551.954,-8255.43,9.92185,10000.0,400.0
