TimeStep,temp,pressure,vol,pe,ke,enthalpy,pxx,pyy,pzz,pxy,pxz,pyz,visc,time,hold_temp
0,1002.31,2491.72,5828.95,-2199.95,64.6499,-2126.24,4698.56,4834.34,-2057.74,1725.84,-2719.68,4366.14,0.00218045,0.0,950.0
100000,988.268,1046.14,5828.95,-2203.58,63.7441,-2136.03,-1808.75,-397.642,5344.81,-2082.16,-2451.69,-1314.65,0.0281161,100.0,950.0
200000,953.875,7151.04,5828.95,-2200.52,61.5257,-2112.98,7737.24,3100.9,10615.0,1154.48,-1350.68,5289.53,0.020301,200.0,950.0
300000,947.925,-875.122,5828.95,-2201.31,61.1419,-2143.36,-7037.09,-653.118,5064.84,999.992,5132.99,1443.07,0.0145808,300.0,950.0
400000,925.394,4429.91,5828.95,-2199.85,59.6887,-2124.04,5326.03,-616.211,8579.92,-716.147,4368.81,-4224.69,0.0150036,400.0,950.0
500000,967.631,4162.39,5828.95,-2201.43,62.413,-2123.87,5815.09,1412.4,5259.67,-688.732,1460.8,509.378,0.0119869,500.0,950.0
600000,944.169,-789.739,5828.95,-2204.39,60.8997,-2146.37,-420.755,-4200.37,2251.91,-85.1851,-2761.72,3969.07,0.0102823,600.0,950.0
700000,989.847,8182.7,5828.95,-2196.13,63.8459,-2102.51,10976.7,11060.0,2511.33,-5870.38,1017.87,4416.71,0.0137622,700.0,950.0
800000,946.688,10930.6,5828.95,-2197.14,61.0622,-2096.31,11078.8,16618.6,5094.55,-1430.84,-1225.29,-1846.23,0.020243,800.0,950.0
900000,903.82,10099.0,5828.95,-2196.78,58.2971,-2101.74,16136.6,4637.47,9523.02,-1226.26,-7609.91,-2637.16,0.0205288,900.0,950.0
1000000,988.424,6017.98,5828.95,-2197.94,63.7542,-2112.29,7277.5,-529.346,11305.8,-983.255,1504.81,-3069.07,0.0236148,1000.0,950.0
1100000,944.662,689.624,5828.95,-2202.83,60.9315,-2139.39,-1261.57,4942.95,-1612.51,5388.9,-2555.94,1982.02,0.0195129,1100.0,950.0
1200000,916.518,2591.7,5828.95,-2202.58,59.1162,-2134.04,6944.57,1654.42,-823.886,5268.74,-599.578,3682.66,0.0190362,1200.0,950.0
1300000,941.877,5020.63,5828.95,-2202.42,60.7518,-2123.41,504.473,6267.85,8289.56,3098.27,-4566.17,3768.67,0.0184784,1300.0,950.0
1400000,945.955,2065.59,5828.95,-2201.44,61.0149,-2132.91,2359.11,2282.87,1554.78,2252.9,3998.45,685.703,0.0177339,1400.0,950.0
1500000,969.922,99.7963,5828.95,-2201.54,62.5608,-2138.62,-7070.39,1789.23,5580.55,-1099.72,-2164.24,-2049.73,0.0165678,1500.0,950.0
1600000,984.341,-291.306,5828.95,-2203.63,63.4908,-2141.2,-875.665,-870.125,871.873,-400.554,-2155.72,-1606.59,0.0168071,1600.0,950.0
1700000,972.436,5532.49,5828.95,-2201.56,62.7229,-2118.71,4264.73,1980.05,10352.7,3227.58,4148.61,7112.84,0.0172589,1700.0,950.0
1800000,934.919,6630.89,5828.95,-2198.79,60.303,-2114.36,10040.8,7734.81,2117.03,13664.9,3234.61,-3195.18,0.0169339,1800.0,950.0
1900000,925.978,13297.1,5828.95,-2199.62,59.7263,-2091.51,10343.7,10068.2,19479.2,-1099.08,-345.652,4712.1,0.0162242,1900.0,950.0
2000000,903.152,6091.64,5828.95,-2200.45,58.254,-2120.03,8951.73,-2408.21,11731.4,-1141.22,2044.04,6043.36,0.0156473,2000.0,950.0
2100000,906.893,7106.43,5828.95,-2202.25,58.4954,-2117.9,7645.39,3429.86,10244.1,5224.3,1707.45,1292.23,0.016253,2100.0,950.0
2200000,922.063,2540.14,5828.95,-2202.66,59.4738,-2133.94,4634.34,-2621.08,5607.16,445.339,-2312.13,-2086.96,0.0160663,2200.0,950.0
2300000,951.727,8089.78,5828.95,-2198.84,61.3872,-2108.03,12387.4,-94.0186,11975.9,-180.753,-1283.92,-2792.87,0.0162719,2300.0,950.0
2400000,904.153,1997.99,5828.95,-2202.52,58.3186,-2136.93,3115.92,-715.763,3593.82,-1149.76,7703.38,-547.04,0.016183,2400.0,950.0
2500000,897.032,6219.45,5828.95,-2198.07,57.8593,-2117.59,2440.62,5157.47,11060.2,2057.91,2340.62,-2610.3,0.0157325,2500.0,950.0
2600000,920.347,318.518,5828.95,-2202.66,59.3631,-2142.14,4597.4,-689.565,-2952.28,4351.13,3899.73,2464.68,0.0152709,2600.0,950.0
2700000,953.162,7582.97,5828.95,-2199.52,61.4797,-2110.45,7783.94,6944.76,8020.21,3119.6,-2325.77,-3545.78,0.0142422,2700.0,950.0
2800000,855.944,-1020.55,5828.95,-2202.38,55.2091,-2150.88,-5231.37,-459.704,2629.42,2863.88,7688.11,2469.32,0.0135983,2800.0,950.0
2900000,899.949,1620.44,5828.95,-2204.27,58.0474,-2140.33,1119.18,-2856.73,6598.89,-5879.38,2649.13,4830.94,0.0132466,2900.0,950.0
3000000,950.725,8256.03,5828.95,-2199.48,61.3226,-2108.12,8446.49,6289.47,10032.1,295.565,-3741.51,64.7677,0.0134149,3000.0,950.0
3100000,943.008,3662.53,5828.95,-2201.82,60.8248,-2127.67,804.511,-212.59,10395.7,-4582.99,-2990.79,-1912.29,0.0130586,3100.0,950.0
3200000,994.832,4859.68,5828.95,-2199.84,64.1675,-2117.99,10465.5,2737.85,1375.7,1168.64,-1243.15,871.601,0.0127582,3200.0,950.0
3300000,953.085,12458.3,5828.95,-2193.89,61.4748,-2087.09,16374.6,10516.0,10484.3,-1931.61,1900.42,-1238.31,0.0133699,3300.0,950.0
3400000,985.932,8542.65,5828.95,-2200.07,63.5934,-2105.39,6135.39,10224.1,9268.43,-5823.82,1251.86,2826.24,0.0130982,3400.0,950.0
3500000,898.539,8292.73,5828.95,-2198.4,57.9565,-2110.28,17258.7,9673.97,-2054.48,2744.22,2592.93,-110.534,0.0127646,3500.0,950.0
3600000,925.933,5492.85,5828.95,-2201.43,59.7235,-2121.72,4675.8,4230.52,7572.23,-596.708,-2613.14,6890.1,0.0132917,3600.0,950.0
3700000,909.615,6296.96,5828.95,-2200.93,58.6709,-2119.35,5681.14,1606.1,11603.6,862.548,-3509.68,-1404.25,0.0132295,3700.0,950.0
3800000,961.18,2669.69,5828.95,-2201.76,61.9969,-2130.05,1081.21,1748.82,5179.04,-3388.28,1282.52,-5191.79,0.0142654,3800.0,950.0
3900000,1003.71,382.817,5828.95,-2202.49,64.7401,-2136.36,-2612.86,3702.54,58.7662,2547.36,-4502.78,-867.025,0.0142626,3900.0,950.0
4000000,969.244,9296.63,5828.95,-2198.24,62.517,-2101.9,1298.92,16012.6,10578.4,-5762.06,797.141,-6310.07,0.0143839,4000.0,950.0
4100000,1006.28,13647.6,5828.95,-2196.64,64.9059,-2082.09,14985.4,10520.5,15437.0,-2523.68,226.176,-2973.51,0.0146396,4100.0,950.0
4200000,971.182,5630.34,5828.95,-2199.12,62.642,-2115.99,8342.02,2333.74,6215.26,1517.61,-538.919,-541.77,0.0147872,4200.0,950.0
4300000,923.755,3783.73,5828.95,-2199.07,59.583,-2125.72,-4206.72,7193.42,8364.49,2400.36,4297.02,-142.311,0.0147816,4300.0,950.0
4400000,973.867,855.568,5828.95,-2204.02,62.8152,-2138.09,1413.82,-3566.04,4718.92,2437.87,-5573.65,4908.49,0.0150529,4400.0,950.0
4500000,975.41,7987.29,5828.95,-2196.81,62.9147,-2104.84,11854.3,9978.55,2128.99,-1337.82,-3207.88,-2231.96,0.0154861,4500.0,950.0
4600000,990.312,6076.48,5828.95,-2200.73,63.8759,-2114.75,10680.3,-801.61,8350.72,1731.63,-819.498,1103.93,0.0155809,4600.0,950.0
4700000,917.245,-517.182,5828.95,-2202.52,59.1631,-2145.24,1549.97,-1077.22,-2024.3,-5955.36,-838.124,-4766.7,0.0154604,4700.0,950.0
4800000,928.107,7636.63,5828.95,-2203.19,59.8637,-2115.55,6439.61,6593.71,9876.56,-1555.82,-2703.64,5253.57,0.0149613,4800.0,950.0
4900000,953.949,1875.3,5828.95,-2202.1,61.5305,-2133.75,-1166.79,8739.31,-1946.62,602.965,-990.909,1904.47,0.0146285,4900.0,950.0
5000000,909.192,5130.91,5828.95,-2199.11,58.6436,-2121.8,-5221.19,12229.5,8384.46,-1709.52,-657.076,-6655.75,0.0143877,5000.0,950.0
5100000,962.001,1765.91,5828.95,-2202.76,62.0498,-2134.29,-5158.97,7361.41,3095.3,950.245,2060.24,2166.68,0.0143157,5100.0,950.0
5200000,919.565,3791.2,5828.95,-2201.5,59.3127,-2128.4,2655.48,3216.37,5501.76,-2356.1,85.3448,10640.3,0.0146473,5200.0,950.0
5300000,919.228,9286.68,5828.95,-2197.59,59.291,-2104.51,11215.5,11662.3,4982.26,-2926.45,-6414.43,-1744.99,0.0144014,5300.0,950.0
5400000,985.376,2732.88,5828.95,-2199.55,63.5575,-2126.05,2812.61,4344.84,1041.19,-1476.61,922.279,3432.82,0.0142794,5400.0,950.0
5500000,906.731,-708.825,5828.95,-2204.82,58.4849,-2148.92,-4616.7,3687.82,-1197.59,-173.387,-2659.78,4418.24,0.0143793,5500.0,950.0
5600000,940.156,3986.57,5828.95,-2200.7,60.6409,-2125.55,8405.69,222.923,3331.11,-4060.48,-3075.72,7153.0,0.0141155,5600.0,950.0
5700000,919.621,391.101,5828.95,-2205.02,59.3163,-2144.28,-2835.04,3809.78,198.568,-3577.05,4511.79,559.0,0.0138864,5700.0,950.0
5800000,928.876,7184.0,5828.95,-2200.11,59.9132,-2114.06,8495.83,4760.27,8295.91,2786.28,2148.87,-2977.06,0.013832,5800.0,950.0
5900000,964.636,446.035,5828.95,-2201.3,62.2198,-2137.46,3445.84,-1116.27,-991.458,337.018,6247.7,-1075.22,0.01382,5900.0,950.0
6000000,940.508,19645.7,5828.95,-2190.31,60.6635,-2058.17,23138.3,19883.2,15915.4,6001.9,-3130.92,1428.86,0.0137026,6000.0,950.0
6100000,963.077,5816.36,5828.95,-2198.11,62.1193,-2114.83,9788.09,9456.59,-1795.61,3420.89,-5666.4,-679.545,0.0137901,6100.0,950.0
6200000,934.519,8875.66,5828.95,-2200.53,60.2773,-2107.96,5605.95,20158.9,862.169,-197.146,-2361.09,2662.94,0.0140755,6200.0,950.0
6300000,895.283,2159.35,5828.95,-2202.74,57.7465,-2137.14,4263.61,913.997,1300.44,-4333.66,-1273.3,-2251.1,0.0140259,6300.0,950.0
6400000,932.511,10030.7,5828.95,-2195.5,60.1477,-2098.86,20169.5,4812.01,5110.44,-312.15,-2026.96,-2203.31,0.0138997,6400.0,950.0
6500000,983.092,-637.638,5828.95,-2203.93,63.4102,-2142.84,-1411.92,5357.78,-5858.78,-888.827,-1800.43,-3085.19,0.0136088,6500.0,950.0
6600000,937.366,8412.03,5828.95,-2199.03,60.4609,-2107.96,9106.64,2575.0,13554.4,-2382.21,-2226.56,-477.882,0.013498,6600.0,950.0
6700000,965.875,6241.98,5828.95,-2202.33,62.2997,-2117.32,1743.93,8024.85,8957.16,4914.78,2844.34,-840.202,0.0132804,6700.0,950.0
6800000,954.57,5106.88,5828.95,-2201.35,61.5705,-2121.2,10249.4,196.966,4874.26,841.55,5661.67,-816.535,0.0131738,6800.0,950.0
6900000,965.871,10145.8,5828.95,-2196.18,62.2995,-2096.97,12370.8,2705.1,15361.5,1302.71,2174.84,4063.76,0.0129924,6900.0,950.0
7000000,952.762,2718.22,5828.95,-2202.21,61.454,-2130.87,-566.102,9958.0,-1237.24,-422.0,344.256,-4703.38,0.0128943,7000.0,950.0
7100000,966.31,5962.02,5828.95,-2201.34,62.3278,-2117.32,4405.27,8818.72,4662.07,-1886.15,-483.971,2424.69,0.012841,7100.0,950.0
7200000,924.987,3730.59,5828.95,-2204.41,59.6624,-2131.17,5151.19,-2263.67,8304.25,4165.1,2609.69,4759.3,0.0133087,7200.0,950.0
7300000,985.825,6276.85,5828.95,-2198.67,63.5865,-2112.25,14070.3,-69.8213,4830.11,6527.41,-9898.88,-3647.37,0.0135834,7300.0,950.0
7400000,978.944,3317.99,5828.95,-2202.92,63.1427,-2127.7,8620.22,937.286,396.449,1216.82,-1420.32,4178.19,0.0137007,7400.0,950.0
7500000,977.46,5035.63,5828.95,-2200.49,63.047,-2119.12,8921.05,2737.44,3448.41,1972.52,1137.2,663.082,0.0134716,7500.0,950.0
7600000,919.142,3311.45,5828.95,-2203.71,59.2854,-2132.38,-7405.68,9057.59,8282.46,-147.894,-14.0898,-506.688,0.0132974,7600.0,950.0
7700000,901.371,4891.41,5828.95,-2201.89,58.1392,-2125.95,-4087.27,6496.32,12265.2,4197.39,-3548.42,-959.501,0.0132743,7700.0,950.0
7800000,932.408,6436.52,5828.95,-2199.36,60.141,-2115.8,4178.59,7680.76,7450.2,-4441.8,1616.7,887.732,0.013253,7800.0,950.0
7900000,951.792,7071.32,5828.95,-2201.13,61.3913,-2114.01,4143.36,11788.4,5282.19,-1874.42,5926.89,1059.43,0.0132858,7900.0,950.0
8000000,876.368,9216.72,5828.95,-2200.85,56.5265,-2110.79,7145.8,9965.46,10538.9,-967.669,2071.71,-1111.84,0.0132497,8000.0,950.0
8100000,957.015,3852.55,5828.95,-2202.68,61.7282,-2126.94,1068.82,11191.9,-703.094,535.376,7074.48,-111.931,0.0135356,8100.0,950.0
8200000,960.508,5886.45,5828.95,-2198.36,61.9536,-2114.99,7013.14,-1750.11,12396.3,1277.59,-2816.16,-550.151,0.0132672,8200.0,950.0
8300000,924.11,7922.56,5828.95,-2198.69,59.6058,-2110.26,5639.21,7327.31,10801.2,8645.22,2329.73,2877.98,0.0131816,8300.0,950.0
8400000,1016.04,8516.0,5828.95,-2199.15,65.5353,-2102.63,6103.53,7279.32,12165.2,-2136.02,-5872.58,-2088.59,0.0131329,8400.0,950.0
8500000,941.019,2072.5,5828.95,-2200.03,60.6965,-2131.79,1167.3,4975.67,74.5351,-922.782,-1942.5,3010.82,0.0129195,8500.0,950.0
8600000,927.116,4439.09,5828.95,-2201.75,59.7997,-2125.8,-208.497,982.673,12543.1,-1224.59,-2425.93,1221.35,0.0130311,8600.0,950.0
8700000,962.352,7521.7,5828.95,-2197.75,62.0725,-2108.32,6262.05,8784.79,7518.27,-2313.23,6037.37,-857.201,0.0129073,8700.0,950.0
8800000,896.885,4909.07,5828.95,-2201.47,57.8498,-2125.76,3940.75,9928.63,857.834,1195.45,5022.95,5073.91,0.0130261,8800.0,950.0
8900000,894.81,6068.73,5828.95,-2198.54,57.716,-2118.75,5319.87,4998.74,7887.59,-413.395,-4742.28,-868.53,0.0129046,8900.0,950.0
9000000,930.824,4171.49,5828.95,-2200.99,60.0389,-2125.77,3385.24,10778.6,-1649.37,-922.548,6504.75,4201.39,0.0129075,9000.0,950.0
9100000,977.79,11847.5,5828.95,-2198.89,63.0682,-2092.72,7455.56,11339.9,16746.9,4219.09,-826.971,-6421.01,0.0129556,9100.0,950.0
9200000,887.343,-1216.43,5828.95,-2206.35,57.2344,-2153.54,-6607.18,4469.41,-1511.54,-858.31,7853.84,-5437.62,0.012837,9200.0,950.0
9300000,963.375,11361.6,5828.95,-2194.78,62.1385,-2091.31,16436.4,3204.59,14443.7,6589.5,1263.11,-6526.32,0.0128136,9300.0,950.0
9400000,946.044,8650.58,5828.95,-2201.16,61.0206,-2108.67,10984.8,3023.68,11943.3,-361.028,-8409.03,5515.61,0.01285,9400.0,950.0
9500000,936.558,1626.9,5828.95,-2201.67,60.4088,-2135.35,-2969.37,11125.5,-3275.42,-3898.14,2607.93,-5563.04,0.01275,9500.0,950.0
9600000,945.878,4090.8,5828.95,-2202.77,61.0099,-2126.88,3358.61,5484.28,3429.52,-180.304,-7978.6,181.843,0.0127083,9600.0,950.0
9700000,921.573,1607.26,5828.95,-2203.02,59.4422,-2137.73,3671.75,560.076,589.969,-2766.42,-4397.6,-2079.37,0.0128825,9700.0,950.0
9800000,933.338,3219.86,5828.95,-2200.68,60.201,-2128.76,-334.916,10407.8,-413.266,3495.4,-654.419,-2470.46,0.0127533,9800.0,950.0
9900000,994.502,3748.55,5828.95,-2201.03,64.1462,-2123.25,5032.0,-1832.96,8046.6,3300.76,-1061.08,-6993.8,0.0126594,9900.0,950.0
10000000,958.317,4378.56,5828.95,-2203.51,61.8122,-2125.77,10181.8,6468.05,-3514.19,-2890.68,-6955.12,-6848.4,0.0129686,10000.0,950.0
