TimeStep,temp,pressure,vol,pe,ke,enthalpy,pxx,pyy,pzz,pxy,pxz,pyz,visc,time,hold_temp
0,1364.09,-157.643,9847.26,-2486.09,87.9851,-2399.07,-1731.38,3439.6,-2181.15,779.334,3779.79,-1463.67,0.00144655,0.0,1400.0
100000,1483.13,-465.993,9847.26,-2489.78,95.6629,-2396.98,-5218.66,205.428,3615.25,1641.17,3299.44,504.21,0.00907355,100.0,1400.0
200000,1476.81,-1498.6,9847.26,-2491.2,95.2555,-2405.15,-3774.85,-101.603,-619.348,-1397.98,359.936,1651.26,0.00475362,200.0,1400.0
300000,1455.55,-868.455,9847.26,-2492.47,93.8839,-2403.92,-3899.24,3451.42,-2157.55,-278.761,1689.55,-3579.34,0.00610547,300.0,1400.0
400000,1367.94,3322.33,9847.26,-2486.08,88.2332,-2377.43,-1015.4,125.956,10856.4,-4080.19,2119.96,-3210.29,0.00659677,400.0,1400.0
500000,1357.83,-372.193,9847.26,-2488.57,87.5811,-2403.28,1727.45,-2558.03,-286.003,623.542,-3335.08,-428.857,0.00477307,500.0,1400.0
600000,1432.49,770.747,9847.26,-2485.2,92.3966,-2388.07,1199.25,-239.113,1352.1,-667.609,-6056.37,-2073.38,0.0041859,600.0,1400.0
700000,1422.33,-756.539,9847.26,-2485.62,91.7412,-2398.53,-1256.95,2472.21,-3484.88,2161.65,-1619.66,3339.58,0.00342316,700.0,1400.0
800000,1316.47,-1541.83,9847.26,-2493.83,84.9136,-2418.39,1114.89,-2087.68,-3652.69,1665.86,-227.926,-425.275,0.00511308,800.0,1400.0
900000,1385.83,-2815.3,9847.26,-2487.56,89.3871,-2415.47,-9280.31,1763.56,-929.146,-569.421,3448.38,-62.2218,0.00573436,900.0,1400.0
1000000,1379.69,-547.24,9847.26,-2488.42,88.991,-2402.79,-906.959,-89.2179,-645.542,1380.94,-570.713,3180.49,0.00703689,1000.0,1400.0
1100000,1331.95,-2156.36,9847.26,-2489.11,85.9117,-2416.45,-1895.65,-2030.37,-2543.06,6835.16,-69.5819,1547.63,0.00690301,1100.0,1400.0
1200000,1400.18,-1147.82,9847.26,-2488.83,90.313,-2405.57,-1102.41,-1311.61,-1029.46,585.563,-556.453,-3729.14,0.00638375,1200.0,1400.0
1300000,1382.52,1405.04,9847.26,-2487.72,89.1735,-2389.91,5125.05,1132.6,-2042.54,-4540.11,969.768,309.876,0.00696548,1300.0,1400.0
1400000,1440.39,2308.06,9847.26,-2490.08,92.9065,-2382.99,4597.5,4180.75,-1854.08,-2823.93,4376.77,-3990.32,0.00666438,1400.0,1400.0
1500000,1371.01,-2475.55,9847.26,-2484.76,88.431,-2411.55,-2665.87,-1437.07,-3323.71,1768.75,2189.98,-3320.08,0.00726614,1500.0,1400.0
1600000,1389.37,-1784.53,9847.26,-2490.73,89.6156,-2412.08,1570.56,-3327.95,-3596.21,1548.67,18.0051,1791.01,0.00716783,1600.0,1400.0
1700000,1362.93,-116.17,9847.26,-2485.17,87.9101,-2397.98,2780.32,-2535.71,-593.119,2522.41,-3503.37,-2489.1,0.00647237,1700.0,1400.0
1800000,1372.44,-4580.5,9847.26,-2494.15,88.5235,-2433.78,-1648.25,-5813.28,-6279.97,-434.47,2524.9,-585.611,0.00641589,1800.0,1400.0
1900000,1368.83,-881.325,9847.26,-2487.61,88.2904,-2404.73,149.358,-2008.6,-784.733,-2695.34,-847.264,-1784.18,0.0061258,1900.0,1400.0
2000000,1307.37,1103.68,9847.26,-2486.14,84.3267,-2395.03,-2650.08,5990.8,-29.6656,1833.42,-3421.35,-133.086,0.00594743,2000.0,1400.0
2100000,1416.44,-3256.7,9847.26,-2496.57,91.3614,-2425.23,-2006.84,-2737.37,-5025.89,-1549.38,-4061.83,-5657.29,0.00611142,2100.0,1400.0
2200000,1388.09,858.488,9847.26,-2490.65,89.5331,-2395.84,9284.64,-7118.99,409.81,-1614.43,-2094.41,714.022,0.00606593,2200.0,1400.0
2300000,1427.15,-3368.52,9847.26,-2497.68,92.0523,-2426.33,-5698.5,-2161.46,-2245.6,487.726,-704.557,-1213.27,0.00600374,2300.0,1400.0
2400000,1348.25,-1792.42,9847.26,-2489.47,86.9633,-2413.53,-5514.11,-1257.75,1394.6,5027.4,4370.91,2038.28,0.00612498,2400.0,1400.0
2500000,1362.87,-3734.82,9847.26,-2495.95,87.9064,-2431.0,-4314.25,499.821,-7390.04,-2111.27,1463.56,5.57104,0.00588901,2500.0,1400.0
2600000,1410.31,487.376,9847.26,-2488.45,90.9664,-2394.49,2229.93,-2579.7,1811.9,311.723,1622.33,-2302.15,0.00591228,2600.0,1400.0
2700000,1340.57,-3707.18,9847.26,-2490.84,86.4676,-2427.15,-5435.49,-2577.21,-3108.86,1997.38,-1163.61,-3787.91,0.00565155,2700.0,1400.0
2800000,1375.35,1458.45,9847.26,-2490.79,88.7109,-2393.11,1635.43,3527.45,-787.541,1757.17,559.089,-1078.67,0.00565659,2800.0,1400.0
2900000,1274.85,-3541.23,9847.26,-2489.04,82.2289,-2428.57,-1249.04,-4942.08,-4432.57,1397.43,-1398.84,4688.3,0.00552246,2900.0,1400.0
3000000,1383.44,-831.935,9847.26,-2487.24,89.233,-2403.12,-713.116,-824.025,-958.663,4031.22,434.854,3331.95,0.00526599,3000.0,1400.0
3100000,1402.62,-663.459,9847.26,-2491.67,90.4699,-2405.28,4208.58,-5511.78,-687.176,2876.71,1760.35,-648.603,0.00519672,3100.0,1400.0
3200000,1343.89,-850.891,9847.26,-2489.27,86.6819,-2407.82,-2453.53,1707.41,-1806.55,-1138.85,-1795.22,-5228.78,0.00520929,3200.0,1400.0
3300000,1432.14,-1054.3,9847.26,-2489.65,92.3741,-2403.76,-5023.51,-1224.7,3085.32,-1118.97,-1194.82,-1599.01,0.00559541,3300.0,1400.0
3400000,1443.83,-3058.08,9847.26,-2495.1,93.1281,-2420.77,1301.45,-6048.31,-4427.38,-989.252,4408.34,-1338.97,0.00557978,3400.0,1400.0
3500000,1401.37,562.49,9847.26,-2487.65,90.3892,-2393.8,1467.96,-3329.73,3549.24,1468.4,-1336.96,-601.456,0.00552889,3500.0,1400.0
3600000,1373.16,-4032.93,9847.26,-2497.63,88.5701,-2433.84,-7503.21,-1446.09,-3149.49,795.381,-2163.21,1412.84,0.005136,3600.0,1400.0
3700000,1393.52,-637.439,9847.26,-2490.66,89.8832,-2404.7,-3705.8,1203.88,589.606,50.4027,2969.71,513.652,0.00478839,3700.0,1400.0
3800000,1384.43,4182.54,9847.26,-2481.06,89.2967,-2366.05,6865.18,3567.83,2114.61,-823.11,-735.864,-2034.81,0.00467113,3800.0,1400.0
3900000,1414.3,4413.83,9847.26,-2485.16,91.2238,-2366.81,1194.67,5271.55,6775.27,3821.58,1584.0,-3971.19,0.00467011,3900.0,1400.0
4000000,1368.48,-1937.71,9847.26,-2493.8,88.268,-2417.44,-7946.23,2410.53,-277.442,-310.124,-1453.04,507.94,0.00457476,4000.0,1400.0
4100000,1447.8,128.06,9847.26,-2492.58,93.384,-2398.41,-2206.36,349.959,2240.58,4503.88,701.523,-3078.73,0.00446303,4100.0,1400.0
4200000,1350.66,-2612.68,9847.26,-2488.03,87.1184,-2416.97,1796.13,-5315.88,-4318.3,-2865.68,1694.5,260.646,0.0044999,4200.0,1400.0
4300000,1517.08,-4153.57,9847.26,-2494.31,97.8531,-2421.98,-4376.56,-2275.98,-5808.17,-4691.8,-2137.3,-872.425,0.00451627,4300.0,1400.0
4400000,1523.51,1401.36,9847.26,-2487.5,98.2674,-2380.62,1539.44,1479.64,1185.0,-609.511,616.082,47.276,0.00461923,4400.0,1400.0
4500000,1482.11,-659.826,9847.26,-2490.32,95.5973,-2398.77,-4291.76,1576.53,735.752,4155.23,-4626.68,1924.36,0.0048307,4500.0,1400.0
4600000,1369.47,1411.81,9847.26,-2490.35,88.3318,-2393.34,-940.559,166.823,5009.16,741.999,1941.0,413.836,0.00504578,4600.0,1400.0
4700000,1368.4,3016.65,9847.26,-2486.62,88.2628,-2379.82,5194.77,3524.65,330.514,1089.05,-2860.16,4172.86,0.00504032,4700.0,1400.0
4800000,1400.93,-2748.22,9847.26,-2490.45,90.3608,-2416.98,431.032,-1072.72,-7602.98,838.105,-875.489,-1408.7,0.00499612,4800.0,1400.0
4900000,1359.63,907.782,9847.26,-2486.04,87.6976,-2392.77,1144.37,2870.42,-1291.44,1267.33,1564.22,-948.726,0.00500217,4900.0,1400.0
5000000,1397.94,-3240.29,9847.26,-2492.29,90.1682,-2422.04,-6287.91,2686.76,-6119.72,-1052.1,-978.476,-467.277,0.00496452,5000.0,1400.0
5100000,1531.46,-2132.97,9847.26,-2497.44,98.7806,-2411.76,-1787.68,-4143.95,-467.28,-880.216,4554.85,3024.02,0.0049651,5100.0,1400.0
5200000,1409.41,3052.7,9847.26,-2480.07,90.9082,-2370.39,2629.7,5769.28,759.124,1037.86,2016.0,-3247.84,0.0049171,5200.0,1400.0
5300000,1495.81,1689.94,9847.26,-2489.93,96.4808,-2383.07,1744.61,5057.66,-1732.45,57.7041,604.993,1929.01,0.00504506,5300.0,1400.0
5400000,1525.9,285.35,9847.26,-2490.54,98.422,-2390.37,-332.067,1081.72,106.399,-2592.15,174.928,-5648.81,0.00540649,5400.0,1400.0
5500000,1394.63,81.9048,9847.26,-2490.47,89.9546,-2400.01,-137.811,-707.842,1091.37,2770.9,-5899.32,-221.446,0.00541747,5500.0,1400.0
5600000,1398.93,175.437,9847.26,-2490.15,90.2322,-2398.84,-1855.54,646.934,1734.91,5869.15,-1792.04,-1268.33,0.0053943,5600.0,1400.0
5700000,1394.99,-2242.24,9847.26,-2496.92,89.9777,-2420.72,-2420.86,-3817.57,-488.309,1419.08,1419.66,-1048.23,0.00560744,5700.0,1400.0
5800000,1464.58,-25.8421,9847.26,-2491.62,94.4665,-2397.31,141.367,2790.06,-3008.95,-5217.41,1334.69,-2763.18,0.00568542,5800.0,1400.0
5900000,1399.53,-2867.46,9847.26,-2493.63,90.2711,-2420.98,-4112.41,1196.62,-5686.6,84.4955,-37.754,4160.64,0.00572643,5900.0,1400.0
6000000,1340.41,694.436,9847.26,-2484.14,86.4576,-2393.41,4320.23,-3776.09,1539.16,-3742.84,-533.467,2152.51,0.00561847,6000.0,1400.0
6100000,1350.18,-3188.85,9847.26,-2489.76,87.0879,-2422.28,-7199.43,-294.276,-2072.83,-818.037,2112.77,1774.8,0.0056597,6100.0,1400.0
6200000,1495.49,-457.966,9847.26,-2489.22,96.4601,-2395.57,-2818.62,3365.54,-1920.81,-818.787,7412.79,1858.31,0.00567555,6200.0,1400.0
6300000,1402.01,239.325,9847.26,-2486.16,90.431,-2394.26,-1568.66,-4076.48,6363.11,-1017.82,2589.45,-2766.32,0.00545693,6300.0,1400.0
6400000,1403.7,711.206,9847.26,-2488.13,90.5399,-2393.22,222.695,162.875,1748.05,-1416.67,1302.75,-668.196,0.00540248,6400.0,1400.0
6500000,1397.82,-5199.25,9847.26,-2498.1,90.1604,-2439.89,-2351.91,-8440.25,-4805.61,-1024.7,-1414.71,4123.57,0.00529941,6500.0,1400.0
6600000,1378.44,743.762,9847.26,-2488.69,88.9106,-2395.21,-1463.71,-1657.05,5352.04,5096.04,4687.42,2577.37,0.0053443,6600.0,1400.0
6700000,1320.4,-2916.29,9847.26,-2495.96,85.1671,-2428.72,-2945.92,-3745.24,-2057.7,2996.43,1459.73,3224.03,0.00530314,6700.0,1400.0
6800000,1404.58,-675.939,9847.26,-2486.0,90.5965,-2399.56,4714.15,-4264.62,-2477.34,-1061.91,-142.006,-1743.65,0.00535268,6800.0,1400.0
6900000,1408.48,2405.1,9847.26,-2481.55,90.8478,-2375.92,-569.214,8300.54,-516.024,310.606,-980.659,-6288.95,0.00528792,6900.0,1400.0
7000000,1318.95,2383.78,9847.26,-2482.49,85.0735,-2382.77,1168.93,5336.45,645.953,-1058.26,-3209.79,-2213.13,0.00518294,7000.0,1400.0
7100000,1426.61,1127.38,9847.26,-2490.81,92.0176,-2391.86,5090.69,-121.292,-1587.27,-2249.81,1113.32,-902.404,0.00521004,7100.0,1400.0
7200000,1327.35,-100.901,9847.26,-2487.61,85.6151,-2402.62,-402.62,-738.355,838.273,1925.34,-7687.55,-156.843,0.00511845,7200.0,1400.0
7300000,1455.64,874.095,9847.26,-2486.63,93.8901,-2387.37,6030.11,-2923.13,-484.698,-1697.43,-2230.25,114.685,0.00511576,7300.0,1400.0
7400000,1456.41,-1449.72,9847.26,-2491.81,93.9398,-2406.78,-4318.39,2438.27,-2469.03,2505.21,-508.975,791.579,0.0050455,7400.0,1400.0
7500000,1370.7,-2966.07,9847.26,-2491.93,88.4111,-2421.75,438.197,-4062.95,-5273.44,-4614.4,-3359.47,1447.98,0.00499189,7500.0,1400.0
7600000,1490.02,734.333,9847.26,-2490.37,96.1076,-2389.75,-497.808,3886.33,-1185.53,-594.863,210.502,520.874,0.00495115,7600.0,1400.0
7700000,1420.22,-1538.35,9847.26,-2489.94,91.6053,-2407.79,-966.458,-886.932,-2761.67,1047.63,-1427.15,-2781.46,0.0048718,7700.0,1400.0
7800000,1333.9,2135.12,9847.26,-2486.73,86.0375,-2387.57,937.957,-1817.72,7285.12,-4061.39,76.8884,-2496.37,0.00491566,7800.0,1400.0
7900000,1451.7,472.106,9847.26,-2487.19,93.6358,-2390.65,2233.66,1672.22,-2489.57,-495.482,3381.03,1473.02,0.00491685,7900.0,1400.0
8000000,1354.34,756.571,9847.26,-2487.76,87.3558,-2395.76,2085.78,-2224.87,2408.8,-1321.06,1175.01,1154.6,0.00487709,8000.0,1400.0
8100000,1494.03,-990.677,9847.26,-2490.84,96.3659,-2400.57,1932.82,-4244.85,-660.004,-193.508,-5103.69,-1153.32,0.00482675,8100.0,1400.0
8200000,1431.82,-2842.61,9847.26,-2492.56,92.3537,-2417.67,-3161.85,-6988.32,1622.33,-178.463,-128.45,601.857,0.00475747,8200.0,1400.0
8300000,1418.88,-3020.37,9847.26,-2489.89,91.5189,-2416.94,-196.958,-2290.09,-6574.06,-2114.38,2542.46,-1414.08,0.00480651,8300.0,1400.0
8400000,1431.76,-2080.82,9847.26,-2490.1,92.3499,-2410.54,2384.39,-4964.65,-3662.2,2422.29,-662.326,979.26,0.00487558,8400.0,1400.0
8500000,1449.39,-1914.95,9847.26,-2495.94,93.4866,-2414.22,-2191.2,-148.751,-3404.9,-4720.44,5104.86,-857.843,0.00493045,8500.0,1400.0
8600000,1356.49,-1372.36,9847.26,-2490.95,87.4948,-2411.89,-2429.0,-5839.44,4151.35,-1538.92,-3798.74,510.995,0.00488537,8600.0,1400.0
8700000,1390.34,165.115,9847.26,-2487.2,89.6783,-2396.5,-1247.78,38.9254,1704.2,-1929.57,-2492.43,-1385.99,0.00499114,8700.0,1400.0
8800000,1364.76,-451.573,9847.26,-2486.62,88.0283,-2401.37,287.808,701.088,-2343.62,-166.124,2778.2,-7697.45,0.00504452,8800.0,1400.0
8900000,1434.91,1248.08,9847.26,-2483.98,92.5528,-2383.76,-524.799,596.073,3672.95,-1312.37,-1047.99,1919.92,0.00506558,8900.0,1400.0
9000000,1371.07,-1280.54,9847.26,-2490.56,88.435,-2409.99,-2468.07,-3204.99,1831.45,2335.8,995.464,-1689.97,0.00502612,9000.0,1400.0
9100000,1368.42,-163.872,9847.26,-2488.79,88.2645,-2401.53,2832.93,-3290.05,-34.4866,141.021,-3031.37,2873.5,0.0051308,9100.0,1400.0
9200000,1370.68,3055.95,9847.26,-2484.01,88.4098,-2376.82,4432.68,4768.62,-33.4469,2112.46,-1729.51,-3285.95,0.00513328,9200.0,1400.0
9300000,1429.69,713.026,9847.26,-2484.61,92.2161,-2388.01,-4620.39,-679.01,7438.48,-2224.28,-3013.69,1701.69,0.00511037,9300.0,1400.0
9400000,1424.86,1427.91,9847.26,-2493.31,91.9048,-2392.63,814.268,2469.55,999.93,-652.469,-2145.67,-2928.51,0.00504699,9400.0,1400.0
9500000,1458.24,-1001.76,9847.26,-2492.96,94.0578,-2405.06,-1213.4,-559.138,-1232.75,1758.39,-1602.66,-3329.27,0.0050342,9500.0,1400.0
9600000,1426.32,3112.92,9847.26,-2482.54,91.9988,-2371.41,4611.84,5072.81,-345.888,-1019.65,3104.39,1298.0,0.00503875,9600.0,1400.0
9700000,1491.04,4252.78,9847.26,-2484.13,96.1731,-2361.82,4827.52,317.872,7612.96,938.211,798.153,2231.56,0.00498796,9700.0,1400.0
9800000,1404.6,-1463.49,9847.26,-2494.14,90.5977,-2412.54,-6552.56,3011.49,-849.404,-2523.76,3476.11,-4076.65,0.00497463,9800.0,1400.0
9900000,1329.91,-3599.29,9847.26,-2493.93,85.78,-2430.27,-3804.51,634.55,-7627.92,1762.83,-1848.53,2573.94,0.00496541,9900.0,1400.0
10000000,1358.38,-2541.01,9847.26,-2487.96,87.6166,-2415.96,-5118.14,9.22477,-2514.11,2800.91,-1727.6,3358.46,0.00487802,10000.0,1400.0
