TimeStep,temp,pressure,vol,pe,ke,enthalpy,pxx,pyy,pzz,pxy,pxz,pyz,visc,time,hold_temp
0,1100.31,2018.79,9089.39,-2380.69,70.9709,-2298.26,-552.254,-475.838,7084.47,-2838.96,-946.821,1505.72,0.00107084,0.0,1150.0
100000,1117.66,6642.38,9089.39,-2371.63,72.0902,-2261.85,10041.0,7347.29,2538.82,-3650.39,-4233.2,185.553,0.0250766,100.0,1150.0
200000,1126.58,6613.88,9089.39,-2371.83,72.6655,-2261.65,7024.13,6369.86,6447.65,-1549.11,-2011.9,-2232.53,0.00567275,200.0,1150.0
300000,1107.45,2152.26,9089.39,-2379.91,71.4314,-2296.27,3946.84,-2044.39,4554.34,-2225.01,3115.75,2424.93,0.00430691,300.0,1150.0
400000,1225.79,3947.98,9089.39,-2379.67,79.0642,-2278.21,2463.97,6628.78,2751.2,-204.823,2085.84,2012.62,0.00838415,400.0,1150.0
500000,1161.98,1294.62,9089.39,-2379.19,74.9486,-2296.9,701.877,4725.37,-1543.38,1854.33,-3245.12,469.163,0.0107832,500.0,1150.0
600000,1134.92,6585.84,9089.39,-2376.03,73.2032,-2265.47,-355.476,8683.98,11429.0,-2134.66,2402.27,-5008.04,0.00681074,600.0,1150.0
700000,1155.44,2773.13,9089.39,-2375.57,74.527,-2285.31,5134.17,664.443,2520.79,3245.46,-97.3244,3113.24,0.00903088,700.0,1150.0
800000,1255.62,2937.5,9089.39,-2387.05,80.9886,-2289.4,7120.73,6996.23,-5304.45,1646.29,444.712,-2613.51,0.0131135,800.0,1150.0
900000,1175.32,4881.83,9089.39,-2376.02,75.809,-2272.52,10506.8,4823.31,-684.62,-212.318,2857.55,908.969,0.0155024,900.0,1150.0
1000000,1130.88,2583.37,9089.39,-2382.44,72.9426,-2294.84,-94.2177,1666.87,6177.46,39.6347,3080.07,1594.14,0.013359,1000.0,1150.0
1100000,1096.23,1235.87,9089.39,-2373.71,70.7077,-2296.0,-1276.84,7628.66,-2644.22,-2858.44,2881.02,-5662.82,0.0145258,1100.0,1150.0
1200000,1237.45,6964.93,9089.39,-2375.17,79.8166,-2255.84,3650.29,12023.5,5220.97,-188.983,-635.971,2277.18,0.0153162,1200.0,1150.0
1300000,1139.51,7834.71,9089.39,-2373.76,73.4991,-2255.82,7493.12,11397.3,4613.72,-516.009,-785.6,-751.616,0.0143606,1300.0,1150.0
1400000,1167.34,5454.25,9089.39,-2372.18,75.2945,-2265.94,-1315.43,10901.5,6776.68,2012.96,-4011.3,820.822,0.0143699,1400.0,1150.0
1500000,1116.87,4584.89,9089.39,-2373.67,72.0393,-2275.62,4480.62,139.141,9134.9,1685.8,-2433.19,-4382.93,0.0128993,1500.0,1150.0
1600000,1133.25,5878.06,9089.39,-2371.66,73.0957,-2265.22,8117.55,1867.42,7649.22,-106.022,-141.121,2889.52,0.011898,1600.0,1150.0
1700000,1117.28,4935.04,9089.39,-2379.9,72.0656,-2279.83,5857.36,3722.89,5224.88,1385.74,340.997,2916.21,0.0117485,1700.0,1150.0
1800000,1166.02,4269.99,9089.39,-2374.15,75.209,-2274.71,2826.37,1028.54,8955.04,-494.931,7.92414,4035.78,0.0119499,1800.0,1150.0
1900000,1154.85,8528.64,9089.39,-2371.38,74.489,-2248.5,10260.9,9789.49,5535.5,4797.39,-1314.77,-1148.94,0.0117631,1900.0,1150.0
2000000,1184.28,3360.08,9089.39,-2379.32,76.3869,-2283.87,4008.75,2155.61,3915.87,1202.0,-887.167,-531.133,0.0124266,2000.0,1150.0
2100000,1169.94,5942.15,9089.39,-2378.89,75.4619,-2269.72,2613.75,8692.42,6520.29,-3739.46,634.386,-228.527,0.0133359,2100.0,1150.0
2200000,1223.41,4353.99,9089.39,-2374.82,78.9107,-2271.2,11612.0,2391.83,-941.904,-336.943,-3821.69,-3212.99,0.0135186,2200.0,1150.0
2300000,1203.15,8520.4,9089.39,-2367.69,77.6044,-2241.75,4725.47,7438.25,13397.5,1530.42,-562.218,1631.33,0.012576,2300.0,1150.0
2400000,1139.84,2753.5,9089.39,-2375.26,73.5203,-2286.12,-41.3444,2979.19,5322.65,-3096.18,498.482,2858.15,0.013337,2400.0,1150.0
2500000,1076.1,2764.72,9089.39,-2383.6,69.4091,-2298.5,3254.08,1741.29,3298.78,-1799.43,-2503.05,-817.571,0.0130754,2500.0,1150.0
2600000,1086.37,2801.18,9089.39,-2375.07,70.0718,-2289.1,3685.64,4585.09,132.807,-4671.26,1854.31,-434.712,0.014252,2600.0,1150.0
2700000,1141.15,5019.99,9089.39,-2373.31,73.6051,-2271.23,3879.47,7380.22,3800.29,3850.42,-8.45817,1377.36,0.0141898,2700.0,1150.0
2800000,1229.9,2520.66,9089.39,-2378.17,79.3292,-2284.54,3840.91,1322.0,2399.06,-2261.58,1491.52,1897.1,0.0137259,2800.0,1150.0
2900000,1035.14,2454.72,9089.39,-2374.25,66.7672,-2293.56,2403.09,1566.93,3394.15,2593.16,3021.52,-1413.89,0.0141936,2900.0,1150.0
3000000,1127.71,3910.96,9089.39,-2377.96,72.7383,-2283.03,3434.25,3965.8,4332.83,2053.53,-112.118,1106.55,0.015397,3000.0,1150.0
3100000,1134.16,3923.41,9089.39,-2379.04,73.1542,-2283.63,235.994,6229.08,5305.15,-1569.64,-326.511,4360.11,0.0153069,3100.0,1150.0
3200000,1212.42,2447.66,9089.39,-2375.83,78.2018,-2283.74,3512.92,158.524,3671.54,3195.34,-5034.83,-2248.53,0.014951,3200.0,1150.0
3300000,1106.09,4229.53,9089.39,-2374.12,71.3436,-2278.78,7780.51,4599.62,308.457,-1446.51,-2308.7,-1311.65,0.0157403,3300.0,1150.0
3400000,1209.98,4440.38,9089.39,-2373.44,78.0448,-2270.2,3800.5,2508.93,7011.71,-3177.56,-2241.12,298.725,0.0157737,3400.0,1150.0
3500000,1126.08,3017.58,9089.39,-2379.93,72.6333,-2290.18,3778.61,1334.4,3939.72,-242.771,3427.58,-1466.6,0.0155794,3500.0,1150.0
3600000,1175.41,6842.95,9089.39,-2374.28,75.8147,-2259.65,11348.9,673.673,8506.25,-4004.88,-3555.47,-5076.78,0.01558,3600.0,1150.0
3700000,1163.59,4344.06,9089.39,-2375.55,75.0524,-2275.86,2394.35,9252.72,1385.11,4290.57,2425.22,4198.71,0.0152585,3700.0,1150.0
3800000,1187.55,2431.02,9089.39,-2384.36,76.5981,-2293.97,8449.36,2829.67,-3985.95,2601.9,-3011.38,420.506,0.0148387,3800.0,1150.0
3900000,1148.91,4343.4,9089.39,-2373.66,74.1053,-2274.92,3006.49,3346.25,6677.46,534.733,94.7984,-2402.52,0.0148149,3900.0,1150.0
4000000,1129.76,4127.98,9089.39,-2377.64,72.8706,-2281.35,811.32,6204.69,5367.93,1611.85,-3117.49,-2726.37,0.0149202,4000.0,1150.0
4100000,1176.91,932.981,9089.39,-2377.34,75.9114,-2296.14,2203.96,2340.62,-1745.64,-520.928,2601.83,965.844,0.0145629,4100.0,1150.0
4200000,1247.4,5207.0,9089.39,-2377.82,80.4582,-2267.82,7531.63,3616.64,4472.75,-2218.02,-55.58,489.048,0.0142096,4200.0,1150.0
4300000,1157.8,4285.0,9089.39,-2373.74,74.679,-2274.75,55.5919,7003.23,5796.19,995.198,3560.56,1254.15,0.0139393,4300.0,1150.0
4400000,1136.92,1471.57,9089.39,-2381.97,73.3322,-2300.29,3753.13,3005.6,-2344.02,-3255.6,-942.327,1379.75,0.0135074,4400.0,1150.0
4500000,1183.81,3595.53,9089.39,-2372.79,76.3568,-2276.04,7967.82,3406.21,-587.451,-710.478,3475.09,-1104.51,0.0136706,4500.0,1150.0
4600000,1115.06,1912.84,9089.39,-2378.05,71.9221,-2295.27,4699.44,3816.28,-2777.2,-1483.02,6141.43,1061.91,0.0133556,4600.0,1150.0
4700000,1114.67,6298.75,9089.39,-2375.2,71.8969,-2267.57,9761.39,5673.72,3461.14,3765.26,354.243,6855.91,0.0129983,4700.0,1150.0
4800000,1142.49,7255.35,9089.39,-2371.91,73.6913,-2257.05,6546.59,11443.8,3775.67,1785.67,650.4,-3204.1,0.013124,4800.0,1150.0
4900000,1214.72,3563.68,9089.39,-2376.76,78.3505,-2278.19,5454.23,1155.37,4081.43,2511.53,-463.698,-3430.71,0.0132473,4900.0,1150.0
5000000,1189.69,2456.88,9089.39,-2376.2,76.7357,-2285.53,2017.8,-1115.94,6468.78,1825.72,-900.15,-395.866,0.0131008,5000.0,1150.0
5100000,1205.34,4104.97,9089.39,-2379.63,77.7454,-2278.6,7921.06,1838.01,2555.85,-1363.05,1338.11,3706.11,0.0128823,5100.0,1150.0
5200000,1149.89,5444.77,9089.39,-2376.17,74.1691,-2271.11,9100.79,3245.23,3988.3,754.693,3709.63,-5048.74,0.0125026,5200.0,1150.0
5300000,1090.06,6414.21,9089.39,-2374.68,70.3097,-2267.98,8304.44,6635.25,4302.93,6792.5,-1084.57,1288.75,0.0125611,5300.0,1150.0
5400000,1100.27,2188.36,9089.39,-2376.14,70.9684,-2292.76,4014.07,465.511,2085.51,3561.57,3196.84,-1664.6,0.012473,5400.0,1150.0
5500000,1220.33,5620.6,9089.39,-2373.98,78.7121,-2263.38,4789.25,7606.49,4466.06,-1883.37,1888.74,2490.0,0.0126684,5500.0,1150.0
5600000,1154.48,4276.7,9089.39,-2374.27,74.4647,-2275.54,4869.42,1245.75,6714.93,-1233.87,455.505,572.088,0.0130518,5600.0,1150.0
5700000,1192.81,4735.28,9089.39,-2378.53,76.9369,-2274.73,4825.39,531.576,8848.86,-1399.79,287.71,-954.564,0.0127862,5700.0,1150.0
5800000,1199.43,3249.21,9089.39,-2379.08,77.3645,-2283.28,5316.37,1904.19,2527.07,905.808,-4200.58,-38.1593,0.0124894,5800.0,1150.0
5900000,1133.98,9710.47,9089.39,-2370.31,73.1425,-2242.08,12788.2,10011.4,6331.75,570.209,3296.72,77.6891,0.0125662,5900.0,1150.0
6000000,1083.53,3747.67,9089.39,-2380.29,69.8884,-2289.14,4523.35,420.045,6299.61,-1073.76,-1582.98,-2580.05,0.0122598,6000.0,1150.0
6100000,1138.73,3459.68,9089.39,-2376.08,73.4491,-2283.0,1803.34,4657.56,3918.13,-784.013,3133.8,289.187,0.0120231,6100.0,1150.0
6200000,1119.6,2029.69,9089.39,-2376.01,72.2153,-2292.28,5336.98,-1150.35,1902.44,110.907,4777.49,-1151.45,0.0121939,6200.0,1150.0
6300000,1137.17,222.932,9089.39,-2383.61,73.3483,-2309.0,6335.88,-1371.1,-4295.98,534.159,-7376.66,3973.03,0.011906,6300.0,1150.0
6400000,1115.51,7695.38,9089.39,-2372.32,71.9511,-2256.71,8790.95,6045.61,8249.56,-1963.5,-1573.81,-1983.66,0.0122781,6400.0,1150.0
6500000,1183.84,5959.59,9089.39,-2379.74,76.3584,-2269.58,9094.08,5425.8,3358.89,2863.06,-1351.59,-301.073,0.0121337,6500.0,1150.0
6600000,1196.84,6438.76,9089.39,-2372.28,77.1975,-2258.56,6654.56,2201.24,10460.5,-2942.05,-28.8846,-6309.26,0.0120716,6600.0,1150.0
6700000,1203.96,5387.01,9089.39,-2375.52,77.6564,-2267.3,6742.06,4773.27,4645.71,-2820.91,-2110.34,1984.36,0.0124556,6700.0,1150.0
6800000,1138.58,5440.41,9089.39,-2374.42,73.4391,-2270.12,7633.52,4900.55,3787.17,612.51,-1806.85,3543.49,0.0119334,6800.0,1150.0
6900000,1222.06,3439.74,9089.39,-2376.03,78.824,-2277.69,3971.47,-68.8337,6416.58,2049.26,4685.31,-2095.39,0.0118611,6900.0,1150.0
7000000,1067.68,1955.56,9089.39,-2380.13,68.8662,-2300.17,2730.98,437.587,2698.11,-1966.13,261.97,773.252,0.0118226,7000.0,1150.0
7100000,1080.33,4024.95,9089.39,-2374.52,69.682,-2282.0,364.153,6912.81,4797.91,2458.58,-1277.01,-209.587,0.0116783,7100.0,1150.0
7200000,1182.2,1995.71,9089.39,-2381.57,76.2528,-2294.0,2679.79,-999.496,4306.83,-334.445,3605.02,-1277.42,0.0116195,7200.0,1150.0
7300000,1167.19,3816.5,9089.39,-2373.82,75.2844,-2276.88,2784.8,8089.29,575.422,-34.5945,1953.8,-2293.74,0.0115794,7300.0,1150.0
7400000,1144.97,4937.2,9089.39,-2372.83,73.8513,-2270.97,931.305,9183.63,4696.67,-1865.56,3130.54,950.134,0.0116897,7400.0,1150.0
7500000,1127.38,6912.81,9089.39,-2375.28,72.7171,-2263.34,5465.33,12019.7,3253.39,-2170.6,-3176.86,438.957,0.0114954,7500.0,1150.0
7600000,1171.23,4497.34,9089.39,-2376.72,75.545,-2275.66,5427.96,5618.35,2445.7,-104.775,1606.49,-1192.47,0.0115033,7600.0,1150.0
7700000,1139.84,4882.33,9089.39,-2377.37,73.5207,-2276.15,5253.71,5786.63,3606.64,-2000.72,2399.95,-5398.74,0.0116685,7700.0,1150.0
7800000,1115.36,3961.63,9089.39,-2373.16,71.9416,-2278.74,1319.26,8096.29,2469.34,2156.62,-1813.62,2770.03,0.0117224,7800.0,1150.0
7900000,1174.74,4085.54,9089.39,-2377.95,75.7718,-2279.0,7032.31,5357.42,-133.108,-1983.21,5998.11,-3387.13,0.0118534,7900.0,1150.0
8000000,1192.46,6222.94,9089.39,-2378.24,76.9147,-2266.02,3267.76,4237.41,11163.7,280.87,-420.349,-125.48,0.0116416,8000.0,1150.0
8100000,1085.78,2060.15,9089.39,-2376.89,70.0336,-2295.17,8627.32,503.76,-2950.64,-1417.42,-2618.91,-424.833,0.0113978,8100.0,1150.0
8200000,1158.89,6262.61,9089.39,-2375.9,74.7492,-2265.62,6144.4,11095.6,1547.79,4493.23,219.814,-2218.89,0.0112894,8200.0,1150.0
8300000,1142.68,3831.74,9089.39,-2377.91,73.7036,-2282.47,9175.88,-3155.67,5475.02,1105.75,-3415.17,308.732,0.0114573,8300.0,1150.0
8400000,1152.71,6948.38,9089.39,-2373.57,74.351,-2259.8,9143.22,8594.49,3107.43,-1376.26,-398.788,691.991,0.0115147,8400.0,1150.0
8500000,1176.87,1877.31,9089.39,-2381.54,75.909,-2294.98,-3653.43,6757.23,2528.13,-216.257,-3148.57,1055.89,0.0117366,8500.0,1150.0
8600000,1166.29,1098.85,9089.39,-2384.48,75.2265,-2303.02,-180.753,4227.2,-749.914,1968.58,2464.78,1105.46,0.0115852,8600.0,1150.0
8700000,1159.93,1804.75,9089.39,-2379.71,74.8163,-2294.66,5341.95,454.992,-382.685,-800.902,-174.922,-4142.79,0.0116354,8700.0,1150.0
8800000,1083.81,7233.26,9089.39,-2372.79,69.9066,-2261.85,4541.72,11463.9,5694.17,191.838,1803.82,-2285.22,0.0115188,8800.0,1150.0
8900000,1140.62,2026.62,9089.39,-2377.74,73.5711,-2292.67,-241.544,4203.55,2117.86,2618.01,3544.84,-2713.46,0.0114318,8900.0,1150.0
9000000,1199.31,4076.06,9089.39,-2377.82,77.3563,-2277.34,7144.74,-1646.79,6730.23,-2445.81,4241.93,650.837,0.0115369,9000.0,1150.0
9100000,1210.78,2258.74,9089.39,-2382.88,78.0963,-2291.97,2216.55,3480.41,1079.25,-603.882,-1759.65,-1856.77,0.0113486,9100.0,1150.0
9200000,1210.12,7423.64,9089.39,-2373.72,78.0535,-2253.55,4032.96,6287.5,11950.5,1202.21,555.779,-1588.7,0.0111773,9200.0,1150.0
9300000,1199.65,4949.61,9089.39,-2373.42,77.3783,-2267.96,5562.33,7043.35,2243.15,3714.07,3516.05,-197.679,0.0110908,9300.0,1150.0
9400000,1130.09,4528.76,9089.39,-2374.92,72.8915,-2276.34,4906.6,5226.95,3452.74,563.306,-2480.59,890.154,0.0110417,9400.0,1150.0
9500000,1177.66,2070.31,9089.39,-2374.04,75.9598,-2286.34,-3846.89,3468.23,6589.6,1024.1,130.235,-216.45,0.0109867,9500.0,1150.0
9600000,1155.96,2315.5,9089.39,-2377.92,74.5606,-2290.23,1540.26,686.635,4719.59,4189.49,-3777.49,2807.29,0.0111381,9600.0,1150.0
9700000,1220.3,4322.0,9089.39,-2375.04,78.7101,-2271.81,1673.68,6756.7,4535.62,-392.252,-1523.67,-3020.85,0.0111002,9700.0,1150.0
9800000,1097.26,3904.89,9089.39,-2377.35,70.7741,-2284.42,6912.66,5948.7,-1146.7,2240.58,18.1352,-2077.43,0.0113204,9800.0,1150.0
9900000,1205.38,6788.9,9089.39,-2373.15,77.7479,-2256.89,7850.25,8291.39,4225.07,1358.5,1161.38,-5006.69,0.011362,9900.0,1150.0
10000000,1129.79,2748.1,9089.39,-2377.62,72.8725,-2289.15,7127.88,-1335.99,2452.42,-2947.97,920.015,-5585.14,0.0113,10000.0,1150.0
