TimeStep,temp,pressure,vol,pe,ke,enthalpy,pxx,pyy,pzz,pxy,pxz,pyz,visc,time,hold_temp
0,423.623,3657.43,8967.83,-2503.34,27.324,-2455.55,5543.98,1274.39,4153.9,-4069.49,-1968.35,-753.377,0.00568417,0.0,400.0
100000,408.694,3657.49,8967.83,-2504.35,26.3611,-2457.52,4397.23,3494.47,3080.77,-1979.82,-2599.08,-1410.96,5.14285,100.0,400.0
200000,397.623,3590.71,8967.83,-2503.89,25.647,-2458.15,2546.38,5955.64,2270.09,-1520.14,-1911.65,-1385.12,5.17832,200.0,400.0
300000,375.401,3504.34,8967.83,-2504.11,24.2137,-2460.28,2782.59,5160.81,2569.64,-1552.89,-3188.26,-2788.85,5.16664,300.0,400.0
400000,383.216,3915.04,8967.83,-2503.04,24.7178,-2456.41,5456.68,4652.92,1635.51,-3444.41,-1234.21,96.0877,5.17769,400.0,400.0
500000,411.827,2659.53,8967.83,-2504.31,26.5632,-2462.86,2989.44,2087.73,2901.42,-1819.87,-1273.41,-1333.37,5.17687,500.0,400.0
600000,398.084,3194.06,8967.83,-2504.88,25.6767,-2461.32,5676.27,2564.64,1341.26,-2833.98,-1063.02,-1372.62,5.17839,600.0,400.0
700000,423.312,3806.88,8967.83,-2502.41,27.3039,-2453.8,3063.49,6104.82,2252.32,-3111.59,-2722.47,-1228.64,5.19621,700.0,400.0
800000,407.515,2760.77,8967.83,-2504.46,26.2851,-2462.72,5378.7,1701.16,1202.46,-3076.54,-3906.48,-865.773,5.22903,800.0,400.0
900000,394.305,2729.98,8967.83,-2503.42,25.433,-2462.71,5385.34,4580.8,-1776.2,-2032.81,-634.209,268.212,5.22414,900.0,400.0
1000000,401.078,3035.39,8967.83,-2505.22,25.8699,-2462.36,4545.95,2463.91,2096.31,-2039.69,-100.481,-1774.57,5.23269,1000.0,400.0
1100000,387.008,3527.2,8967.83,-2503.93,24.9624,-2459.22,5942.99,2021.63,2616.97,-3538.41,-3322.2,106.754,5.23437,1100.0,400.0
1200000,404.726,2797.61,8967.83,-2504.57,26.1052,-2462.81,3263.48,3385.84,1743.51,-2868.99,-2110.29,-1075.53,5.23858,1200.0,400.0
1300000,405.586,3250.57,8967.83,-2504.25,26.1606,-2459.89,5642.27,1893.89,2215.56,-2553.37,-4103.67,-2151.27,5.22683,1300.0,400.0
1400000,398.923,2369.19,8967.83,-2504.63,25.7309,-2465.63,3976.69,1356.96,1773.92,-871.364,-1124.19,1847.05,5.23061,1400.0,400.0
1500000,395.791,3019.83,8967.83,-2504.68,25.5288,-2462.25,4552.69,945.117,3561.69,-3943.81,-3343.31,-402.782,5.2303,1500.0,400.0
1600000,401.157,3068.59,8967.83,-2502.52,25.8749,-2459.47,4015.71,3648.06,1542.0,-1700.74,-1204.92,-301.279,5.225,1600.0,400.0
1700000,376.007,2554.97,8967.83,-2503.67,24.2527,-2465.12,2039.91,2204.83,3420.19,-2932.37,378.691,119.221,5.22501,1700.0,400.0
1800000,423.76,3811.29,8967.83,-2504.39,27.3329,-2455.72,4567.99,4380.24,2485.62,-1860.83,-4056.19,1770.49,5.23153,1800.0,400.0
1900000,422.203,1260.49,8967.83,-2505.44,27.2324,-2471.16,2284.7,3906.55,-2409.79,-1852.93,-2352.61,-289.392,5.23348,1900.0,400.0
2000000,370.141,2178.66,8967.83,-2504.66,23.8744,-2468.6,847.251,3717.17,1971.57,-1123.1,-375.183,-2324.68,5.23513,2000.0,400.0
2100000,416.906,2108.48,8967.83,-2505.33,26.8908,-2466.64,4266.26,1460.62,598.565,-3109.41,-2328.53,-2108.03,5.23725,2100.0,400.0
2200000,431.466,3109.31,8967.83,-2504.22,27.8299,-2458.99,3816.59,3666.99,1844.36,-1422.4,-1807.84,-840.202,5.23809,2200.0,400.0
2300000,427.157,2811.84,8967.83,-2504.1,27.552,-2460.81,3433.13,4509.27,493.127,-2013.5,-1862.79,40.5051,5.24342,2300.0,400.0
2400000,388.594,2213.6,8967.83,-2505.33,25.0646,-2467.88,4126.98,1954.38,559.457,-780.988,-3816.42,174.516,5.24173,2400.0,400.0
2500000,421.028,2868.39,8967.83,-2504.79,27.1567,-2461.58,5551.79,1833.43,1219.94,-695.1,-518.012,-1272.56,5.24119,2500.0,400.0
2600000,385.633,2794.52,8967.83,-2504.6,24.8736,-2464.08,2393.02,5331.67,658.875,-845.825,-3491.97,-972.88,5.24153,2600.0,400.0
2700000,400.696,2795.83,8967.83,-2505.93,25.8452,-2464.44,3760.34,3695.68,931.467,-2255.74,-2103.08,586.446,5.24946,2700.0,400.0
2800000,391.851,3809.0,8967.83,-2504.67,25.2747,-2458.08,4089.09,5070.17,2267.74,-1764.56,-2220.61,-501.79,5.25145,2800.0,400.0
2900000,399.684,2582.25,8967.83,-2503.37,25.7799,-2463.14,5088.97,2234.65,423.13,-1768.26,-3635.17,1138.69,5.25295,2900.0,400.0
3000000,418.033,2281.34,8967.83,-2505.46,26.9634,-2465.73,2460.7,3948.67,434.639,-2163.32,-2319.35,1677.5,5.25614,3000.0,400.0
3100000,406.008,4417.68,8967.83,-2503.42,26.1878,-2452.5,7293.36,3827.34,2132.34,-377.662,-836.682,846.981,5.25367,3100.0,400.0
3200000,392.217,3958.62,8967.83,-2504.49,25.2983,-2457.03,4065.14,5801.34,2009.37,-2514.79,-1245.33,-244.503,5.24475,3200.0,400.0
3300000,389.382,3133.19,8967.83,-2502.14,25.1155,-2459.49,5242.58,2518.55,1638.44,-3753.49,-2938.41,-2108.64,5.23681,3300.0,400.0
3400000,388.104,1919.34,8967.83,-2504.39,25.033,-2468.62,1340.65,4794.59,-377.217,-1383.65,-1537.97,-1542.2,5.22617,3400.0,400.0
3500000,415.024,2868.4,8967.83,-2504.91,26.7694,-2462.08,3145.91,5557.28,-97.9984,-3572.35,-2559.26,-100.978,5.21555,3500.0,400.0
3600000,408.921,3524.53,8967.83,-2503.82,26.3757,-2457.72,4049.58,5530.23,993.783,-1444.37,-3486.48,-961.933,5.20618,3600.0,400.0
3700000,397.687,2767.1,8967.83,-2504.91,25.6511,-2463.78,1910.6,4366.61,2024.11,-3325.03,-2803.0,-81.3398,5.19023,3700.0,400.0
3800000,422.399,3677.61,8967.83,-2505.86,27.2451,-2458.03,5087.03,3847.36,2098.45,-3310.74,-1379.35,-1793.24,5.1837,3800.0,400.0
3900000,399.168,2781.55,8967.83,-2503.6,25.7467,-2462.28,2461.51,3710.29,2172.85,-3446.25,-2166.62,1142.91,5.17644,3900.0,400.0
4000000,378.68,1847.08,8967.83,-2505.79,24.4251,-2471.03,2891.99,2449.82,199.422,-3202.06,-2974.41,759.668,5.16672,4000.0,400.0
4100000,379.82,2404.14,8967.83,-2505.95,24.4987,-2467.99,4013.94,2461.15,737.34,-2668.59,-889.094,-624.852,5.15505,4100.0,400.0
4200000,395.5,2886.69,8967.83,-2505.3,25.5101,-2463.64,3629.69,3868.2,1162.18,-3113.87,-1955.34,-2195.05,5.14299,4200.0,400.0
4300000,387.26,2145.8,8967.83,-2504.95,24.9786,-2467.96,4534.6,598.234,1304.55,-2369.31,-2763.55,588.478,5.13823,4300.0,400.0
4400000,380.686,3341.68,8967.83,-2503.88,24.5546,-2460.62,3027.43,4903.25,2094.35,-3313.49,-2204.31,715.481,5.13239,4400.0,400.0
4500000,401.637,2495.91,8967.83,-2505.09,25.9059,-2465.22,3750.61,2038.69,1698.42,-1895.53,-3952.79,2301.2,5.12593,4500.0,400.0
4600000,374.856,1651.58,8967.83,-2506.41,24.1785,-2472.98,1543.35,1799.06,1612.33,-1091.01,-2889.06,922.742,5.11956,4600.0,400.0
4700000,385.972,642.637,8967.83,-2505.33,24.8955,-2476.83,193.403,2950.78,-1216.27,-2512.91,-3278.71,360.12,5.11511,4700.0,400.0
4800000,383.699,3145.92,8967.83,-2505.82,24.7489,-2463.46,2452.09,4774.3,2211.37,-946.53,-1323.43,312.504,5.1091,4800.0,400.0
4900000,390.804,2413.56,8967.83,-2504.79,25.2072,-2466.08,2696.26,4912.01,-367.593,-2732.91,-1578.97,-137.813,5.10685,4900.0,400.0
5000000,418.137,2973.86,8967.83,-2504.97,26.9702,-2461.35,4568.68,3254.85,1098.03,-2788.25,-1728.75,-1338.99,5.10369,5000.0,400.0
5100000,393.173,2819.18,8967.83,-2504.73,25.36,-2463.59,4622.54,3204.46,630.546,-1348.36,-4638.43,-389.608,5.09602,5100.0,400.0
5200000,412.751,2879.74,8967.83,-2503.32,26.6228,-2460.58,4939.9,2861.67,837.671,-3320.17,-2758.31,-1639.7,5.08956,5200.0,400.0
5300000,414.834,3345.41,8967.83,-2503.37,26.7571,-2457.89,5782.1,3125.18,1128.96,-1156.5,-2593.78,422.92,5.08331,5300.0,400.0
5400000,401.946,2841.16,8967.83,-2503.58,25.9258,-2461.75,6171.16,2132.81,219.516,-2611.98,-1109.53,271.479,5.07631,5400.0,400.0
5500000,390.813,2391.74,8967.83,-2503.47,25.2078,-2464.87,3559.59,2638.12,977.496,-2399.92,-332.037,-241.374,5.07274,5500.0,400.0
5600000,409.743,3135.24,8967.83,-2503.13,26.4288,-2459.15,2071.93,4656.2,2677.58,-668.662,-363.962,677.121,5.06939,5600.0,400.0
5700000,384.539,2680.73,8967.83,-2503.5,24.8031,-2463.69,3420.59,4147.42,474.189,-1787.06,-3965.91,366.218,5.06555,5700.0,400.0
5800000,429.227,3388.69,8967.83,-2503.55,27.6855,-2456.9,3664.51,4283.44,2218.12,-2849.72,-1036.03,-543.255,5.05921,5800.0,400.0
5900000,398.592,3403.0,8967.83,-2502.13,25.7095,-2457.38,2487.29,6005.2,1716.49,-1728.38,-2528.11,-1165.97,5.05323,5900.0,400.0
6000000,388.26,2365.61,8967.83,-2504.77,25.0431,-2466.49,3302.7,3725.37,68.7604,-1425.52,-2272.23,-2087.19,5.04647,6000.0,400.0
6100000,392.352,3029.63,8967.83,-2504.83,25.307,-2462.56,2675.71,5305.47,1107.7,-2407.13,-1550.33,1373.16,5.04252,6100.0,400.0
6200000,382.909,2047.9,8967.83,-2504.98,24.6979,-2468.82,3219.79,1824.4,1099.52,-214.685,-2134.79,-1161.52,5.03877,6200.0,400.0
6300000,409.771,2519.99,8967.83,-2505.73,26.4305,-2465.19,3919.33,3135.69,504.939,-1445.36,-3029.86,-709.507,5.03538,6300.0,400.0
6400000,413.738,3510.41,8967.83,-2504.73,26.6864,-2458.4,2123.96,6326.12,2081.14,-1308.3,-1483.08,399.123,5.03222,6400.0,400.0
6500000,409.702,2261.16,8967.83,-2504.7,26.4261,-2465.61,2992.91,3202.83,587.748,-2626.84,-4129.88,890.088,5.02617,6500.0,400.0
6600000,413.514,3278.02,8967.83,-2504.73,26.672,-2459.71,4353.72,3913.42,1566.91,-1967.27,-2344.7,1314.14,5.02298,6600.0,400.0
6700000,376.731,2588.77,8967.83,-2503.3,24.2995,-2464.51,4132.59,4807.77,-1174.06,-1409.36,-1695.03,-947.064,5.01724,6700.0,400.0
6800000,396.792,3133.42,8967.83,-2504.33,25.5934,-2461.2,1260.64,5514.64,2624.99,-3635.52,-3224.48,491.898,5.01166,6800.0,400.0
6900000,389.527,5038.96,8967.83,-2502.32,25.1248,-2448.99,8433.46,4894.87,1788.54,-3046.44,-754.124,38.6857,5.00977,6900.0,400.0
7000000,401.587,3356.81,8967.83,-2503.26,25.9027,-2458.57,3687.91,5613.08,769.426,-2972.21,-2841.46,-204.947,5.00632,7000.0,400.0
7100000,381.482,2513.43,8967.83,-2503.8,24.6059,-2465.13,1213.9,4521.99,1804.4,-3419.31,-2158.95,788.125,5.00214,7100.0,400.0
7200000,394.547,2385.43,8967.83,-2504.12,25.4486,-2465.32,5885.83,3733.32,-2462.85,-3609.88,-2009.15,314.369,5.00089,7200.0,400.0
7300000,411.909,2599.9,8967.83,-2504.54,26.5685,-2463.42,1409.39,3253.4,3136.92,-3494.02,-1035.52,99.4306,4.99754,7300.0,400.0
7400000,389.904,3534.91,8967.83,-2503.1,25.1491,-2458.17,3198.29,7058.32,348.129,-3103.26,-3293.09,-326.579,4.99481,7400.0,400.0
7500000,425.12,2742.64,8967.83,-2504.73,27.4206,-2461.96,1805.99,4541.45,1880.47,-4115.73,-2056.55,-1055.1,4.99332,7500.0,400.0
7600000,406.504,2375.08,8967.83,-2503.99,26.2198,-2464.48,5851.8,948.369,325.055,-1248.62,-2203.04,-1153.78,4.99369,7600.0,400.0
7700000,396.84,3861.32,8967.83,-2503.1,25.5965,-2455.89,5090.12,5512.58,981.248,-3174.32,-1495.55,-576.74,4.99338,7700.0,400.0
7800000,387.442,2378.58,8967.83,-2504.42,24.9903,-2466.12,3829.63,2657.4,648.716,-1001.03,-2326.71,822.161,4.98986,7800.0,400.0
7900000,421.884,2415.03,8967.83,-2504.35,27.2118,-2463.62,2598.2,5757.06,-1110.18,-909.275,-2869.68,-1509.13,4.98849,7900.0,400.0
8000000,406.75,2538.85,8967.83,-2505.11,26.2357,-2464.67,2505.19,4508.91,602.445,-1528.78,-473.79,-27.1105,4.9852,8000.0,400.0
8100000,397.187,2135.58,8967.83,-2505.02,25.6189,-2467.45,-745.236,6636.77,515.215,-2210.97,-1675.74,-1238.92,4.98389,8100.0,400.0
8200000,398.929,2596.07,8967.83,-2504.72,25.7313,-2464.46,1007.46,4805.12,1975.62,-2382.56,-1631.12,-129.544,4.98236,8200.0,400.0
8300000,404.034,2718.42,8967.83,-2503.69,26.0605,-2462.42,3966.58,4492.33,-303.653,-2397.08,-1735.13,-793.9,4.97729,8300.0,400.0
8400000,402.257,2845.56,8967.83,-2504.17,25.9459,-2462.3,786.418,4068.31,3681.95,-1989.2,-1230.32,-481.645,4.97333,8400.0,400.0
8500000,417.327,3016.76,8967.83,-2503.45,26.9179,-2459.64,2914.52,4638.92,1496.83,-1076.58,-1299.7,-2818.35,4.97181,8500.0,400.0
8600000,397.742,3270.38,8967.83,-2504.46,25.6547,-2460.5,3604.46,4982.13,1224.57,-1007.83,-1360.49,278.838,4.97145,8600.0,400.0
8700000,385.396,2946.91,8967.83,-2503.04,24.8584,-2461.69,2643.02,3682.93,2514.77,-3562.9,-1963.41,475.159,4.97119,8700.0,400.0
8800000,410.388,3049.02,8967.83,-2503.53,26.4704,-2459.99,7103.8,2234.41,-191.138,-1633.56,-3707.09,-274.899,4.96909,8800.0,400.0
8900000,415.538,979.216,8967.83,-2504.18,26.8026,-2471.9,1043.99,2722.95,-829.285,-2051.08,-2253.28,-955.858,4.9677,8900.0,400.0
9000000,369.255,2112.6,8967.83,-2505.21,23.8172,-2469.57,2530.07,2497.42,1310.31,-1536.41,-1798.12,1213.19,4.96636,9000.0,400.0
9100000,382.669,3291.15,8967.83,-2503.17,24.6824,-2460.07,6165.33,4010.53,-302.41,-2896.1,-695.494,847.889,4.96514,9100.0,400.0
9200000,414.785,3356.92,8967.83,-2503.7,26.7539,-2458.15,4887.72,1562.26,3620.77,-1021.66,-1275.27,-205.198,4.96431,9200.0,400.0
9300000,393.081,3334.8,8967.83,-2502.59,25.354,-2458.57,4053.19,3097.73,2853.49,-3054.02,-1866.46,-729.874,4.9636,9300.0,400.0
9400000,391.213,2771.15,8967.83,-2502.79,25.2335,-2462.04,3521.93,2399.69,2391.82,-1498.31,-123.428,-26.5357,4.96241,9400.0,400.0
9500000,395.462,3121.94,8967.83,-2503.56,25.5076,-2460.58,1967.34,2881.84,4516.64,-2172.82,-559.311,148.214,4.96055,9500.0,400.0
9600000,390.158,4528.04,8967.83,-2503.06,25.1655,-2452.55,4764.82,4695.19,4124.1,-1222.17,-2360.33,-1059.39,4.95969,9600.0,400.0
9700000,395.215,2062.12,8967.83,-2506.34,25.4917,-2469.31,2040.55,4678.69,-532.874,-3809.42,-1731.95,-1647.66,4.95778,9700.0,400.0
9800000,409.845,3905.03,8967.83,-2504.57,26.4353,-2456.28,6092.39,4003.04,1619.66,-445.836,-869.689,236.49,4.95661,9800.0,400.0
9900000,432.437,2218.85,8967.83,-2504.38,27.8925,-2464.06,1772.61,5030.62,-146.686,-2990.6,-1360.06,-698.876,4.95539,9900.0,400.0
10000000,402.111,3049.22,8967.83,-2504.16,25.9365,-2461.16,4755.92,4048.47,343.276,361.454,-1722.49,-1083.6,4.95378,10000.0,400.0
