TimeStep,temp,pressure,vol,pe,ke,enthalpy,pxx,pyy,pzz,pxy,pxz,pyz,visc,time,hold_temp
0,833.525,2792.67,6935.97,-2821.08,53.763,-2755.23,3842.76,9.41674,4525.84,-1259.66,1919.87,-1614.91,0.000776268,0.0,850.0
100000,837.933,3961.24,6935.97,-2818.67,54.0474,-2747.47,5070.6,3795.3,3017.82,-2188.44,1619.92,-1062.67,0.724977,100.0,850.0
200000,843.439,7674.29,6935.97,-2813.04,54.4025,-2725.41,11668.7,8824.65,2529.51,333.283,-2785.03,-2438.2,1.3111,200.0,850.0
300000,835.617,2542.32,6935.97,-2817.58,53.898,-2752.67,411.616,5694.55,1520.81,4083.24,-137.771,-2951.22,1.12119,300.0,850.0
400000,811.175,6885.91,6935.97,-2815.15,52.3214,-2733.02,8682.52,1537.9,10437.3,2955.59,2268.99,-778.56,1.19129,400.0,850.0
500000,889.155,3597.57,6935.97,-2818.66,57.3512,-2745.73,3104.27,286.304,7402.13,-1517.36,1222.41,-5584.83,1.1566,500.0,850.0
600000,859.431,4716.6,6935.97,-2817.59,55.434,-2741.74,9909.11,658.726,3581.97,-71.3598,-1101.85,1356.21,1.244,600.0,850.0
700000,866.423,4404.88,6935.97,-2817.91,55.885,-2742.96,12119.3,3103.1,-2007.76,-3800.34,-5153.79,1171.84,1.2401,700.0,850.0
800000,812.934,4719.33,6935.97,-2814.89,52.4349,-2742.03,7943.63,1501.82,4712.54,-6625.08,-283.067,4614.4,1.31113,800.0,850.0
900000,833.604,2536.41,6935.97,-2819.5,53.7681,-2754.76,3448.04,814.104,3347.1,-1921.15,3393.12,-4633.01,1.49337,900.0,850.0
1000000,853.866,4187.42,6935.97,-2816.48,55.075,-2743.28,7494.37,-3191.5,8259.39,-5536.81,-1648.59,332.813,1.47779,1000.0,850.0
1100000,881.084,6004.57,6935.97,-2815.62,56.8306,-2732.8,6591.01,5976.13,5446.58,-3164.23,322.406,-893.168,1.44275,1100.0,850.0
1200000,853.442,6844.84,6935.97,-2814.45,55.0477,-2729.77,12225.4,847.168,7461.99,-4672.65,-5276.07,-3731.44,1.44897,1200.0,850.0
1300000,853.892,5154.64,6935.97,-2818.3,55.0767,-2740.91,764.572,7707.97,6991.38,-3208.75,3685.06,-2324.2,1.59474,1300.0,850.0
1400000,890.226,6525.65,6935.97,-2813.59,57.4203,-2727.92,7645.83,6405.49,5525.64,-2545.7,3384.52,468.857,1.72064,1400.0,850.0
1500000,823.355,6879.94,6935.97,-2812.18,53.1071,-2729.28,9272.12,1121.47,10246.2,1267.13,1821.49,-3542.37,1.7621,1500.0,850.0
1600000,838.124,3448.81,6935.97,-2818.56,54.0597,-2749.57,7999.74,2909.08,-562.379,-5053.2,2165.51,-4153.49,1.82638,1600.0,850.0
1700000,862.767,4377.26,6935.97,-2817.27,55.6492,-2742.67,942.675,1645.13,10544.0,-6999.29,1200.04,-1254.52,2.05602,1700.0,850.0
1800000,903.312,3176.91,6935.97,-2820.75,58.2643,-2748.73,6299.57,-293.5,3524.67,-2314.47,1353.16,-1436.15,2.21908,1800.0,850.0
1900000,799.307,2287.64,6935.97,-2817.41,51.556,-2755.95,6999.59,-4765.05,4628.37,-5435.18,-2226.99,-2954.98,2.34837,1900.0,850.0
2000000,807.416,7247.57,6935.97,-2814.25,52.079,-2730.79,7085.2,256.391,14401.1,2478.45,998.221,-2157.38,2.43793,2000.0,850.0
2100000,886.476,6604.94,6935.97,-2815.85,57.1784,-2730.08,2916.73,5650.42,11247.7,-3827.9,508.302,-2112.93,2.53552,2100.0,850.0
2200000,834.907,5873.74,6935.97,-2816.26,53.8522,-2736.98,8088.96,948.23,8584.03,-1762.37,4300.56,-4865.8,2.62514,2200.0,850.0
2300000,866.267,5258.31,6935.97,-2819.11,55.8749,-2740.47,2434.55,5420.04,7920.34,-4074.65,2526.99,-290.407,2.70192,2300.0,850.0
2400000,862.55,5062.81,6935.97,-2816.62,55.6352,-2739.07,4918.61,102.22,10167.6,-2841.32,595.354,2649.46,2.77393,2400.0,850.0
2500000,837.652,7077.0,6935.97,-2816.81,54.0292,-2732.15,6098.86,432.721,14699.4,402.078,2704.31,-4454.53,2.82569,2500.0,850.0
2600000,899.33,3391.61,6935.97,-2821.14,58.0075,-2748.45,7260.9,-2728.96,5642.88,461.752,9235.58,-5067.21,2.87296,2600.0,850.0
2700000,845.753,5203.07,6935.97,-2817.83,54.5517,-2740.76,10005.5,1349.5,4254.23,-630.451,2888.42,-4037.94,2.91837,2700.0,850.0
2800000,862.24,3607.36,6935.97,-2816.76,55.6152,-2745.53,378.256,969.594,9474.24,-2673.85,188.608,-2766.29,2.95726,2800.0,850.0
2900000,837.659,2880.52,6935.97,-2816.3,54.0297,-2749.8,7025.65,-3446.64,5062.55,1858.04,465.702,-4109.3,3.04213,2900.0,850.0
3000000,868.245,4934.18,6935.97,-2815.25,56.0025,-2737.89,4012.69,3083.14,7706.71,-3307.0,6237.13,-7037.6,3.09554,3000.0,850.0
3100000,819.115,3541.22,6935.97,-2817.56,52.8336,-2749.4,4820.86,-3146.1,8948.9,-3198.51,4248.27,-1806.69,3.15495,3100.0,850.0
3200000,805.744,4324.87,6935.97,-2816.01,51.9711,-2745.32,-3640.99,4580.34,12035.3,89.7848,-1311.11,-172.716,3.25293,3200.0,850.0
3300000,865.696,3359.09,6935.97,-2814.18,55.8381,-2743.8,2240.98,1904.02,5932.27,-8421.19,4250.65,108.478,3.31387,3300.0,850.0
3400000,835.377,4242.44,6935.97,-2814.62,53.8825,-2742.37,3020.96,3376.39,6329.98,-4429.15,2075.49,-8026.38,3.36149,3400.0,850.0
3500000,892.915,4424.16,6935.97,-2816.97,57.5937,-2740.23,8348.73,-4117.99,9041.74,2666.74,1504.47,-2734.0,3.40406,3500.0,850.0
3600000,803.89,6816.12,6935.97,-2815.29,51.8515,-2733.93,2509.26,4940.74,12998.4,-1399.16,146.698,-3001.95,3.44056,3600.0,850.0
3700000,897.247,4651.98,6935.97,-2814.43,57.8732,-2736.42,4420.03,1270.45,8265.45,-685.64,6946.54,-5182.17,3.49296,3700.0,850.0
3800000,916.923,4820.16,6935.97,-2817.54,59.1423,-2737.53,6171.0,1692.04,6597.44,-1607.64,3989.05,-4158.56,3.59348,3800.0,850.0
3900000,871.78,5812.22,6935.97,-2813.95,56.2305,-2732.56,66.545,3023.46,14346.7,-3354.63,1270.27,-3303.4,3.64528,3900.0,850.0
4000000,789.378,2616.14,6935.97,-2818.0,50.9155,-2755.76,4299.22,375.854,3173.34,-1405.6,2450.46,-5449.39,3.66428,4000.0,850.0
4100000,849.791,6797.79,6935.97,-2816.22,54.8122,-2731.98,8090.94,5460.56,6841.86,-1110.59,-886.802,-2840.95,3.65663,4100.0,850.0
4200000,896.858,5145.92,6935.97,-2817.82,57.8481,-2737.7,68.0578,6298.89,9070.81,-4238.85,1494.18,-5693.22,3.65676,4200.0,850.0
4300000,812.256,4109.84,6935.97,-2818.12,52.3911,-2747.93,1332.93,2612.75,8383.85,293.477,2161.4,-3960.38,3.65258,4300.0,850.0
4400000,789.17,3595.64,6935.97,-2819.23,50.9021,-2752.76,7316.05,-5055.24,8526.12,-3710.59,1268.92,-780.284,3.65299,4400.0,850.0
4500000,785.13,3077.01,6935.97,-2816.22,50.6415,-2752.26,-1215.92,-1135.67,11582.6,-3308.92,1771.2,-1277.03,3.62606,4500.0,850.0
4600000,863.332,7236.95,6935.97,-2814.62,55.6856,-2727.61,6468.02,993.617,14249.2,-3274.43,-1946.59,-4274.52,3.61173,4600.0,850.0
4700000,855.645,5716.81,6935.97,-2815.22,55.1898,-2735.28,5350.35,-1463.0,13263.1,-3206.2,2576.01,911.483,3.59033,4700.0,850.0
4800000,891.387,2412.54,6935.97,-2820.25,57.4952,-2752.31,5611.02,-4117.89,5744.49,-3939.37,1960.99,1916.24,3.56137,4800.0,850.0
4900000,883.277,8920.14,6935.97,-2813.67,56.9721,-2718.08,11717.2,931.974,14111.2,-1355.11,-2488.44,-1144.71,3.52624,4900.0,850.0
5000000,885.347,6790.87,6935.97,-2816.72,57.1056,-2730.21,9566.85,3901.49,6904.28,-3303.13,-3228.71,-776.854,3.49026,5000.0,850.0
5100000,859.066,3124.2,6935.97,-2815.48,55.4104,-2746.55,3183.39,-3287.47,9476.7,-576.103,3046.86,-2190.68,3.45822,5100.0,850.0
5200000,842.147,3890.64,6935.97,-2818.03,54.3192,-2746.87,1946.55,2098.82,7626.53,-1141.3,5398.6,-1883.73,3.42259,5200.0,850.0
5300000,849.74,2722.78,6935.97,-2818.64,54.8089,-2752.04,-799.047,-2615.68,11583.1,459.061,1476.41,-4211.78,3.39065,5300.0,850.0
5400000,855.709,6584.28,6935.97,-2810.42,55.194,-2726.72,9308.27,1706.73,8737.85,1074.03,-305.781,-10795.2,3.36793,5400.0,850.0
5500000,866.535,2806.95,6935.97,-2816.39,55.8922,-2748.35,1819.54,4629.63,1971.69,101.4,9190.51,-617.075,3.36301,5500.0,850.0
5600000,899.714,5713.67,6935.97,-2814.45,58.0323,-2731.68,-1237.68,5656.81,12721.9,63.9029,-3254.05,-3886.25,3.3467,5600.0,850.0
5700000,841.424,3554.96,6935.97,-2817.99,54.2725,-2748.33,2691.75,596.367,7376.76,-6181.4,-324.216,-2742.33,3.32907,5700.0,850.0
5800000,868.864,3775.77,6935.97,-2818.8,56.0424,-2746.41,-2390.73,2332.79,11385.2,-3808.22,1552.67,-2282.88,3.3126,5800.0,850.0
5900000,824.381,2108.28,6935.97,-2818.79,53.1732,-2756.49,-80.0006,-1870.57,8275.41,-552.593,-2498.04,-813.551,3.29672,5900.0,850.0
6000000,799.542,1704.14,6935.97,-2819.93,51.5711,-2760.98,6320.79,-5389.12,4180.77,-4486.08,1549.17,-2542.24,3.27967,6000.0,850.0
6100000,806.199,4885.36,6935.97,-2815.62,52.0005,-2742.47,7469.66,-786.287,7972.72,262.865,-2323.11,685.439,3.26116,6100.0,850.0
6200000,820.175,4299.74,6935.97,-2818.81,52.902,-2747.3,5405.27,3898.11,3595.84,-1694.31,581.841,-2812.56,3.24645,6200.0,850.0
6300000,861.48,5971.92,6935.97,-2816.46,55.5662,-2735.04,2673.48,3603.92,11638.4,-6455.37,-348.516,-2179.52,3.23081,6300.0,850.0
6400000,818.833,5083.23,6935.97,-2815.45,52.8154,-2740.63,2309.78,5029.75,7910.16,-2206.08,4061.24,-5880.85,3.21621,6400.0,850.0
6500000,813.724,5086.85,6935.97,-2817.84,52.4859,-2743.33,5689.43,3286.35,6284.79,-525.865,698.656,-2427.66,3.22761,6500.0,850.0
6600000,829.18,3649.52,6935.97,-2818.51,53.4828,-2749.23,-4624.02,7017.54,8555.04,-1882.33,1059.67,-6317.1,3.2476,6600.0,850.0
6700000,884.006,2818.37,6935.97,-2818.86,57.0191,-2749.64,1902.8,-1727.31,8279.6,-614.176,1476.6,-1587.56,3.26549,6700.0,850.0
6800000,874.807,3166.46,6935.97,-2818.79,56.4258,-2748.65,2395.49,-818.447,7922.34,-37.991,-2144.22,-2534.11,3.28766,6800.0,850.0
6900000,841.734,5036.5,6935.97,-2817.88,54.2925,-2741.78,954.898,5000.51,9154.09,-4298.69,488.685,-5259.18,3.30267,6900.0,850.0
7000000,848.179,2807.73,6935.97,-2818.49,54.7082,-2751.62,347.376,-369.171,8444.98,826.148,5661.08,-6691.29,3.32265,7000.0,850.0
7100000,877.616,5898.83,6935.97,-2818.69,56.6069,-2736.54,6854.05,-1067.37,11909.8,-5726.43,618.263,-2788.87,3.34227,7100.0,850.0
7200000,880.792,6021.45,6935.97,-2816.12,56.8118,-2733.24,3063.78,3164.23,11836.3,-5018.67,-360.418,-2359.15,3.36183,7200.0,850.0
7300000,838.159,3166.98,6935.97,-2817.8,54.0619,-2750.03,-2317.99,3181.77,8637.16,11.2177,4901.92,-2832.73,3.38151,7300.0,850.0
7400000,858.601,3631.35,6935.97,-2816.91,55.3805,-2745.81,-2457.43,2746.49,10605.0,-4387.72,2158.84,-4335.52,3.3999,7400.0,850.0
7500000,866.466,3040.8,6935.97,-2820.06,55.8878,-2751.01,-893.159,2229.64,7785.92,-6776.53,-1756.23,-4644.81,3.41769,7500.0,850.0
7600000,867.492,984.395,6935.97,-2822.47,55.9539,-2762.25,-4139.17,4041.03,3051.33,-2385.31,-515.262,1357.85,3.43445,7600.0,850.0
7700000,827.907,6466.33,6935.97,-2815.09,53.4007,-2733.69,271.981,5817.61,13309.4,312.622,-3050.29,-1375.9,3.45201,7700.0,850.0
7800000,837.905,5487.63,6935.97,-2814.48,54.0455,-2736.68,60.2108,814.196,15588.5,-2266.82,-3795.8,-3264.96,3.46965,7800.0,850.0
7900000,876.059,4548.11,6935.97,-2816.59,56.5065,-2740.39,-4172.06,6286.69,11529.7,-1350.88,1440.59,-6710.34,3.48814,7900.0,850.0
8000000,826.507,4035.05,6935.97,-2818.64,53.3104,-2747.86,546.258,6422.32,5136.57,-2913.24,874.104,-3088.62,3.49424,8000.0,850.0
8100000,782.66,3082.24,6935.97,-2819.77,50.4822,-2755.95,-1051.2,2315.84,7982.08,-1898.63,666.502,-2903.63,3.47077,8100.0,850.0
8200000,826.685,4676.55,6935.97,-2818.06,53.3219,-2744.49,960.557,1600.96,11468.1,-884.981,2803.48,46.5423,3.4368,8200.0,850.0
8300000,814.605,6260.11,6935.97,-2817.52,52.5427,-2737.88,3792.57,5311.58,9676.18,-1615.29,3525.05,2257.09,3.40384,8300.0,850.0
8400000,865.793,6648.48,6935.97,-2817.93,55.8444,-2733.3,8990.48,3672.68,7282.3,-1963.34,398.207,-663.502,3.36935,8400.0,850.0
8500000,843.439,3990.65,6935.97,-2816.81,54.4025,-2745.13,2091.72,32.2344,9848.0,-9.21537,981.016,-1897.28,3.33513,8500.0,850.0
8600000,791.933,4509.19,6935.97,-2815.5,51.0804,-2744.9,-584.461,4862.98,9249.05,-1019.62,-1312.81,-1300.69,3.3104,8600.0,850.0
8700000,829.803,3770.16,6935.97,-2816.32,53.5229,-2746.48,526.878,4263.91,6519.68,-3331.3,1751.31,-1600.0,3.29348,8700.0,850.0
8800000,800.5,8374.04,6935.97,-2812.87,51.6329,-2724.98,7372.15,2854.34,14895.6,-4915.67,-1755.55,-1560.99,3.28061,8800.0,850.0
8900000,870.797,7318.49,6935.97,-2814.93,56.1671,-2727.08,3595.46,3109.33,15250.7,-2263.17,560.234,-1077.67,3.25978,8900.0,850.0
9000000,876.895,3309.97,6935.97,-2817.16,56.5605,-2746.27,3759.79,-950.667,7120.79,-2285.86,-3899.43,1060.93,3.24539,9000.0,850.0
9100000,838.14,5531.3,6935.97,-2818.02,54.0607,-2740.01,3537.53,1249.25,11807.1,-6295.0,1986.91,-1591.83,3.2276,9100.0,850.0
9200000,867.75,7389.81,6935.97,-2814.87,55.9706,-2726.91,10554.1,6286.73,5328.56,-6699.02,881.044,-4260.33,3.21691,9200.0,850.0
9300000,904.442,7683.65,6935.97,-2817.8,58.3373,-2726.2,11098.4,6146.95,5805.57,-700.741,-1725.27,205.252,3.20609,9300.0,850.0
9400000,835.178,5241.1,6935.97,-2814.49,53.8696,-2737.93,417.331,10135.6,5170.39,-1206.21,5393.42,-1872.66,3.19122,9400.0,850.0
9500000,937.106,3199.57,6935.97,-2820.95,60.4441,-2746.65,1876.35,2774.32,4948.04,-2598.81,-267.465,2012.23,3.17757,9500.0,850.0
9600000,823.23,5784.11,6935.97,-2817.86,53.099,-2739.72,5913.58,6919.07,4519.7,-6520.9,-4786.26,3562.16,3.16659,9600.0,850.0
9700000,891.021,5237.13,6935.97,-2816.78,57.4716,-2736.64,5092.11,2622.47,7996.81,-4081.05,590.093,-2108.11,3.15673,9700.0,850.0
9800000,785.427,4549.06,6935.97,-2818.2,50.6607,-2747.84,2988.23,2678.88,7980.06,-4286.25,-3574.08,2081.23,3.1456,9800.0,850.0
9900000,870.806,4201.98,6935.97,-2815.45,56.1677,-2741.09,3251.17,1439.59,7915.17,-893.019,1154.56,-1328.88,3.13437,9900.0,850.0
10000000,863.502,7145.53,6935.97,-2815.17,55.6966,-2728.54,1707.96,7082.22,12646.4,3371.61,-627.423,3669.91,3.1157,10000.0,850.0
