TimeStep,temp,pressure,vol,pe,ke,enthalpy,pxx,pyy,pzz,pxy,pxz,pyz,visc,time,hold_temp
0,1793.04,2931.05,11159.7,-2683.58,115.652,-2547.52,132.46,3672.37,4988.33,591.04,-2244.21,-199.995,0.000395101,0.0,1850.0
100000,1791.66,-219.976,11159.7,-2689.37,115.563,-2575.34,861.363,2620.85,-4142.14,1936.44,2636.03,3014.69,-0.029392,100.0,1850.0
200000,1894.02,2211.47,11159.7,-2677.41,122.166,-2539.85,5711.64,-1085.37,2008.14,1879.4,1586.66,49.9666,0.00104898,200.0,1850.0
300000,1706.84,1619.33,11159.7,-2684.08,110.093,-2562.71,6755.65,-4350.91,2453.26,-3894.42,-1303.55,3534.58,0.00501942,300.0,1850.0
400000,1907.7,218.303,11159.7,-2688.88,123.048,-2564.31,-5167.31,4064.82,1757.4,156.992,-2427.02,1642.8,0.00363267,400.0,1850.0
500000,1784.5,2874.38,11159.7,-2678.45,115.102,-2543.33,798.044,3073.45,4751.65,-3075.72,313.52,-1025.04,0.00310672,500.0,1850.0
600000,1876.44,1569.11,11159.7,-2689.08,121.032,-2557.12,2277.86,300.12,2129.34,-685.693,-5171.59,-1084.51,0.0026739,600.0,1850.0
700000,1869.79,168.776,11159.7,-2690.33,120.603,-2568.55,-3058.38,-795.895,4360.61,-1599.99,-2442.34,1340.12,0.0031607,700.0,1850.0
800000,1909.73,1328.46,11159.7,-2684.55,123.179,-2552.11,2269.52,4338.97,-2623.12,-4227.1,2296.67,-149.051,0.00289475,800.0,1850.0
900000,1899.09,264.464,11159.7,-2686.51,122.493,-2562.18,-4410.26,3239.61,1964.04,-675.711,298.181,-3103.85,0.00280344,900.0,1850.0
1000000,1911.35,1142.75,11159.7,-2685.95,123.284,-2554.7,322.777,1399.74,1705.74,2246.32,501.836,-2966.33,0.00305339,1000.0,1850.0
1100000,1830.2,879.025,11159.7,-2687.35,118.049,-2563.18,273.856,-672.939,3036.16,2902.74,1803.99,3457.99,0.00286773,1100.0,1850.0
1200000,1864.29,-1636.06,11159.7,-2691.21,120.248,-2582.35,1979.0,-4482.29,-2404.9,-1917.42,-1083.7,2241.22,0.00282169,1200.0,1850.0
1300000,1913.7,3229.4,11159.7,-2689.93,123.435,-2544.01,5174.58,2128.01,2385.63,2715.34,-5059.65,634.213,0.00279981,1300.0,1850.0
1400000,1769.62,1671.23,11159.7,-2679.41,114.142,-2553.62,2112.56,3306.19,-405.055,3814.45,-2268.15,504.822,0.00276988,1400.0,1850.0
1500000,1797.33,326.744,11159.7,-2688.3,115.929,-2570.1,678.39,-771.488,1073.33,-2127.29,-1732.98,-3395.72,0.00272807,1500.0,1850.0
1600000,2006.58,-562.929,11159.7,-2690.94,129.426,-2565.44,-3663.07,2927.85,-953.562,1174.15,-1077.19,1128.39,0.00260128,1600.0,1850.0
1700000,1755.9,160.602,11159.7,-2692.29,113.257,-2577.91,-2395.73,2332.89,544.646,-4181.23,-1258.98,2720.0,0.00247894,1700.0,1850.0
1800000,1957.92,-136.884,11159.7,-2688.34,126.287,-2563.01,1354.9,-671.192,-1094.36,1575.25,3377.82,1448.48,0.00257915,1800.0,1850.0
1900000,1756.77,-773.544,11159.7,-2694.45,113.313,-2586.53,-1052.79,-1311.87,44.0335,-1478.14,1244.59,3250.53,0.00263763,1900.0,1850.0
2000000,1813.02,-2207.61,11159.7,-2692.0,116.941,-2590.43,67.9366,-2685.47,-4005.3,-918.707,3189.02,1543.31,0.00251469,2000.0,1850.0
2100000,1764.09,1286.06,11159.7,-2690.38,113.785,-2567.63,-923.374,-497.183,5278.75,44.3104,-650.551,-15.0714,0.00253993,2100.0,1850.0
2200000,1760.65,851.154,11159.7,-2686.12,113.564,-2566.63,2864.14,1222.2,-1532.87,-982.926,3293.4,1219.12,0.00254475,2200.0,1850.0
2300000,1785.22,-1784.12,11159.7,-2686.12,115.148,-2583.39,-6024.07,990.355,-318.652,-654.99,-2953.17,1510.72,0.00250845,2300.0,1850.0
2400000,1729.19,1170.42,11159.7,-2684.39,111.534,-2564.71,-1875.06,2598.53,2787.81,-946.489,1077.77,-145.296,0.00254231,2400.0,1850.0
2500000,1831.22,-767.517,11159.7,-2689.26,118.115,-2576.49,-4442.35,311.881,1827.92,707.747,-3053.77,3605.07,0.00247807,2500.0,1850.0
2600000,1955.71,2150.53,11159.7,-2681.58,126.145,-2540.45,-2171.08,2558.23,6064.44,-980.645,-1088.83,5575.8,0.00258386,2600.0,1850.0
2700000,1927.21,1427.87,11159.7,-2686.41,124.306,-2552.16,-802.199,1376.16,3709.66,-597.479,-3473.11,-818.385,0.00253843,2700.0,1850.0
2800000,1784.74,863.105,11159.7,-2689.32,115.117,-2568.19,-438.739,-163.919,3191.97,142.772,-1599.39,-2993.94,0.00248461,2800.0,1850.0
2900000,1838.15,2025.72,11159.7,-2687.55,118.562,-2554.87,3568.83,284.02,2224.31,1956.05,411.752,-431.3,0.00231761,2900.0,1850.0
3000000,1925.65,726.841,11159.7,-2685.85,124.206,-2556.58,3700.08,-3573.02,2053.47,-1292.99,282.161,-3544.41,0.00227819,3000.0,1850.0
3100000,1829.28,-1798.46,11159.7,-2686.34,117.99,-2580.88,-8.9063,-4222.32,-1164.15,-340.907,-2635.22,2212.92,0.0022342,3100.0,1850.0
3200000,1790.11,-970.05,11159.7,-2681.84,115.464,-2573.13,1203.59,-714.32,-3399.42,-3813.01,-4607.42,667.346,0.00215418,3200.0,1850.0
3300000,1791.27,4625.69,11159.7,-2674.5,115.538,-2526.74,1079.67,6565.17,6232.23,1407.44,5105.64,6422.63,0.00212351,3300.0,1850.0
3400000,1948.3,784.179,11159.7,-2682.63,125.667,-2551.5,2171.0,3543.68,-3362.15,-126.823,3839.33,-4510.93,0.0021669,3400.0,1850.0
3500000,1793.56,-296.724,11159.7,-2689.7,115.686,-2576.08,1307.74,-3261.19,1063.27,1824.21,-377.205,-3204.85,0.00217839,3500.0,1850.0
3600000,1769.72,10.3287,11159.7,-2687.86,114.148,-2573.64,-3846.16,1763.52,2113.63,2373.49,-1823.18,1010.19,0.00223476,3600.0,1850.0
3700000,1798.74,3140.25,11159.7,-2676.1,116.02,-2538.21,4159.47,3068.54,2192.72,171.394,-664.264,4222.79,0.00240061,3700.0,1850.0
3800000,1888.47,-107.219,11159.7,-2682.31,121.808,-2561.25,-2679.23,2037.47,320.103,-479.1,-1059.42,-1688.78,0.00228568,3800.0,1850.0
3900000,1837.16,-2116.3,11159.7,-2691.56,118.498,-2587.8,573.008,-1498.55,-5423.36,-1880.26,1542.89,-3447.84,0.00225031,3900.0,1850.0
4000000,1808.48,46.4725,11159.7,-2689.11,116.648,-2572.14,-1688.88,889.935,938.362,35.2546,3429.83,-3436.33,0.0023525,4000.0,1850.0
4100000,1849.94,-67.5535,11159.7,-2691.65,119.323,-2572.8,-4654.54,2182.13,2269.75,-5971.5,1724.54,147.27,0.00231674,4100.0,1850.0
4200000,1614.98,3156.87,11159.7,-2682.32,104.168,-2556.17,3662.1,3760.35,2048.16,-35.2723,1512.66,-938.781,0.00238302,4200.0,1850.0
4300000,1815.25,1798.72,11159.7,-2690.38,117.085,-2560.77,3832.3,4649.66,-3085.79,248.566,-1488.56,1326.39,0.00238022,4300.0,1850.0
4400000,1872.89,-1918.45,11159.7,-2690.79,120.803,-2583.35,-4202.2,751.366,-2304.53,-108.266,-305.748,-1999.57,0.0024052,4400.0,1850.0
4500000,1927.87,307.252,11159.7,-2689.75,124.349,-2563.26,966.257,1959.94,-2004.44,-1362.74,-1683.16,-3535.91,0.0023471,4500.0,1850.0
4600000,1856.59,1358.62,11159.7,-2678.26,119.751,-2549.05,153.87,1313.17,2608.8,2438.12,2783.73,-3430.4,0.00236978,4600.0,1850.0
4700000,1878.46,424.948,11159.7,-2688.17,121.162,-2564.04,4977.53,-2072.64,-1630.05,-379.947,2053.4,1100.86,0.00241218,4700.0,1850.0
4800000,1777.06,-416.45,11159.7,-2684.5,114.622,-2572.78,5960.78,575.112,-7785.24,803.296,-275.073,943.089,0.00260917,4800.0,1850.0
4900000,1871.18,2180.51,11159.7,-2680.98,120.693,-2545.1,2314.57,2595.29,1631.65,-1179.79,116.851,3333.04,0.00264912,4900.0,1850.0
5000000,1854.71,-1199.64,11159.7,-2689.31,119.63,-2578.04,-3118.02,1101.92,-1582.82,2595.65,-1878.87,4472.14,0.00269734,5000.0,1850.0
5100000,1774.61,2856.57,11159.7,-2677.86,114.464,-2543.5,3004.76,6400.13,-835.178,931.498,1798.09,310.317,0.00271458,5100.0,1850.0
5200000,1765.11,-2364.45,11159.7,-2695.46,113.851,-2598.08,-2349.48,-4828.81,84.9428,2521.87,-2481.57,-47.8616,0.00270079,5200.0,1850.0
5300000,1791.55,1054.17,11159.7,-2684.89,115.556,-2561.99,-2666.96,1839.59,3989.89,-1434.07,3338.57,168.067,0.00273049,5300.0,1850.0
5400000,1904.04,4142.65,11159.7,-2678.21,122.812,-2526.54,4548.71,4025.29,3853.94,-6029.27,2143.26,562.887,0.00282472,5400.0,1850.0
5500000,1744.48,-988.537,11159.7,-2690.2,112.52,-2584.57,-8130.78,908.903,4256.27,-2773.08,1024.15,1802.53,0.00275942,5500.0,1850.0
5600000,1902.26,2141.63,11159.7,-2681.34,122.697,-2543.73,2571.94,3506.68,346.27,2866.38,-1352.92,74.7824,0.00285804,5600.0,1850.0
5700000,1866.51,-1722.3,11159.7,-2690.28,120.391,-2581.89,5555.94,-6502.62,-4220.23,-316.726,-2887.92,5605.2,0.00283658,5700.0,1850.0
5800000,1828.85,-2324.25,11159.7,-2696.64,117.962,-2594.87,1637.14,-5781.9,-2828.01,-2077.36,-476.623,1045.5,0.0027875,5800.0,1850.0
5900000,1805.82,-512.39,11159.7,-2683.22,116.477,-2570.31,-377.895,-2508.41,1349.13,1428.12,-1616.73,479.618,0.00276979,5900.0,1850.0
6000000,1787.09,-1199.19,11159.7,-2693.28,115.269,-2586.37,-5203.23,1534.96,70.6885,-1552.91,807.963,-2400.81,0.00272299,6000.0,1850.0
6100000,1774.34,-28.4558,11159.7,-2683.11,114.446,-2568.86,-5363.61,4046.56,1231.68,-3683.61,-562.072,-1749.07,0.00274701,6100.0,1850.0
6200000,1840.38,-1212.42,11159.7,-2690.71,118.706,-2580.45,2775.3,-3425.65,-2986.91,-2573.56,4578.45,-1108.2,0.00272768,6200.0,1850.0
6300000,1909.48,708.3,11159.7,-2692.9,123.163,-2564.81,38.0683,789.73,1297.1,5011.3,-3902.24,-2901.41,0.00272017,6300.0,1850.0
6400000,1853.61,-1754.19,11159.7,-2688.28,119.559,-2580.94,-5426.73,2521.16,-2357.0,-821.564,808.798,1963.4,0.00266365,6400.0,1850.0
6500000,1756.12,-2513.92,11159.7,-2685.47,113.271,-2589.71,-314.346,-5336.16,-1891.27,3190.02,-1308.04,-1270.75,0.00271509,6500.0,1850.0
6600000,1801.89,-1146.95,11159.7,-2681.23,116.223,-2572.99,-1639.88,-2261.37,460.397,222.752,3261.92,4018.81,0.00271422,6600.0,1850.0
6700000,1924.58,1428.86,11159.7,-2682.63,124.137,-2548.54,3302.13,-511.466,1495.92,-1865.88,5371.39,25.4832,0.00266592,6700.0,1850.0
6800000,1957.38,461.158,11159.7,-2693.38,126.252,-2563.92,273.171,2715.94,-1605.64,-2986.09,-1204.0,1237.68,0.0026621,6800.0,1850.0
6900000,1901.33,556.027,11159.7,-2685.27,122.637,-2558.76,-623.676,956.324,1335.43,6703.0,593.147,-1009.25,0.00273412,6900.0,1850.0
7000000,1820.42,4178.62,11159.7,-2679.05,117.418,-2532.52,5945.51,3808.34,2782.0,2729.7,1238.17,-1017.99,0.00273425,7000.0,1850.0
7100000,1864.85,549.308,11159.7,-2682.26,120.285,-2558.15,1497.05,-379.439,530.312,11.5096,1109.12,2234.81,0.00271731,7100.0,1850.0
7200000,1855.13,598.162,11159.7,-2687.07,119.657,-2563.25,-1907.94,47.0171,3655.41,1137.83,4354.68,-4780.31,0.0027111,7200.0,1850.0
7300000,1715.35,689.389,11159.7,-2691.45,110.641,-2576.01,1356.82,-941.935,1653.28,1880.04,-1607.39,-2319.79,0.00270381,7300.0,1850.0
7400000,1894.61,-631.202,11159.7,-2683.64,122.204,-2565.83,-2422.93,294.927,234.391,2353.08,-4261.53,799.069,0.00272211,7400.0,1850.0
7500000,1752.1,-2658.71,11159.7,-2685.15,113.012,-2590.65,-1175.04,-7049.17,248.074,-7158.3,-926.592,1394.05,0.00269366,7500.0,1850.0
7600000,1866.28,1009.03,11159.7,-2681.78,120.376,-2554.37,-2813.92,4245.7,1595.3,5998.52,798.421,2699.41,0.00267945,7600.0,1850.0
7700000,1893.48,4905.71,11159.7,-2676.68,122.131,-2520.38,7005.49,4709.94,3001.7,-3463.48,1937.47,1519.63,0.00269713,7700.0,1850.0
7800000,1856.36,2184.46,11159.7,-2679.68,119.737,-2544.72,-251.019,1865.12,4939.27,57.2138,-1049.41,941.396,0.00266054,7800.0,1850.0
7900000,1930.75,1239.27,11159.7,-2693.33,124.535,-2560.16,801.851,3005.3,-89.3531,-3412.11,3066.43,3082.52,0.00265057,7900.0,1850.0
8000000,1850.65,-2496.66,11159.7,-2699.43,119.368,-2597.45,-9066.42,457.186,1119.27,4738.74,2261.26,-3033.6,0.00262153,8000.0,1850.0
8100000,1822.23,226.048,11159.7,-2682.68,117.535,-2563.57,-4244.66,138.377,4784.43,12.5337,-1364.32,688.387,0.00259727,8100.0,1850.0
8200000,1722.11,1008.49,11159.7,-2684.6,111.078,-2566.5,1935.13,2818.81,-1728.46,5647.75,2307.37,-2395.0,0.00256941,8200.0,1850.0
8300000,1830.16,-173.247,11159.7,-2685.1,118.047,-2568.26,1267.87,-563.027,-1224.58,3320.65,2278.86,-1676.13,0.00255262,8300.0,1850.0
8400000,1793.19,-776.038,11159.7,-2695.2,115.662,-2584.94,3585.85,235.56,-6149.53,-1025.41,672.689,1696.47,0.00250536,8400.0,1850.0
8500000,1794.29,3163.12,11159.7,-2681.4,115.733,-2543.63,3591.03,4148.28,1750.04,-271.093,-902.909,-547.919,0.00248931,8500.0,1850.0
8600000,1896.74,-1346.96,11159.7,-2696.67,122.341,-2583.71,2377.43,-5058.89,-1359.42,652.4,236.333,-722.899,0.00254608,8600.0,1850.0
8700000,1670.13,-1641.93,11159.7,-2687.48,107.724,-2591.19,-1396.76,-4513.0,983.979,1315.15,-1167.36,-1960.37,0.00252476,8700.0,1850.0
8800000,1947.65,2256.57,11159.7,-2679.38,125.625,-2538.04,6266.59,-3526.73,4029.85,-842.316,-25.3786,520.671,0.00253116,8800.0,1850.0
8900000,1848.63,3139.2,11159.7,-2689.05,119.238,-2547.95,2582.63,3900.77,2934.21,-1047.55,-896.542,-1893.78,0.002527,8900.0,1850.0
9000000,1958.07,838.434,11159.7,-2692.46,126.297,-2560.32,-1811.77,3554.3,772.779,226.812,2756.11,-2494.78,0.00252107,9000.0,1850.0
9100000,1750.08,-87.6098,11159.7,-2684.66,112.881,-2572.39,-3185.15,1783.26,1139.05,-3889.3,-411.366,-1499.76,0.00258983,9100.0,1850.0
9200000,1879.05,471.033,11159.7,-2682.11,121.201,-2557.63,3234.62,110.934,-1932.46,-541.603,-89.5523,1670.48,0.00265778,9200.0,1850.0
9300000,1927.4,1816.76,11159.7,-2685.61,124.319,-2548.64,5092.49,-2211.48,2569.27,920.952,-1215.51,-1193.23,0.00268063,9300.0,1850.0
9400000,1930.96,2170.47,11159.7,-2692.55,124.549,-2552.89,4969.81,-1317.38,2858.99,1502.6,-353.458,-980.861,0.00266706,9400.0,1850.0
9500000,1825.09,2323.82,11159.7,-2686.79,117.72,-2552.88,6906.26,-3290.22,3355.41,3380.97,-2340.96,-2550.72,0.00265099,9500.0,1850.0
9600000,1952.89,-356.118,11159.7,-2684.8,125.963,-2561.31,-2663.07,6846.6,-5251.89,4203.5,-2462.05,-3067.69,0.00271023,9600.0,1850.0
9700000,1836.04,645.085,11159.7,-2685.1,118.426,-2562.18,2495.57,-1361.52,801.202,-1538.74,-854.981,-1326.05,0.00274965,9700.0,1850.0
9800000,1783.65,1285.42,11159.7,-2680.68,115.047,-2556.68,953.47,2340.3,562.481,1112.85,3023.47,-534.197,0.00273834,9800.0,1850.0
9900000,1854.05,687.446,11159.7,-2689.01,119.588,-2564.63,2569.78,-2601.78,2094.35,4219.12,-256.161,-2342.76,0.00280695,9900.0,1850.0
10000000,1921.27,3629.73,11159.7,-2681.42,123.923,-2532.21,2134.27,511.374,8243.55,-1844.15,2148.0,-913.589,0.00273222,10000.0,1850.0
