TimeStep,temp,pressure,vol,pe,ke,enthalpy,pxx,pyy,pzz,pxy,pxz,pyz,visc,time,hold_temp
0,1174.55,-4095.6,7090.52,-2782.86,75.7593,-2725.22,-9348.18,-1484.15,-1454.47,6461.56,-612.74,-1962.43,0.00342214,0.0,1150.0
100000,1148.58,-3974.79,7090.52,-2781.25,74.0843,-2724.75,-4132.4,3336.6,-11128.6,-2179.7,-327.643,445.312,-0.188225,100.0,1150.0
200000,1101.64,-3111.51,7090.52,-2778.13,71.0569,-2720.84,-5087.61,67.0275,-4313.96,5293.76,348.759,-3236.94,0.174586,200.0,1150.0
300000,1110.14,-173.81,7090.52,-2775.27,71.6049,-2704.43,-3461.64,-3294.31,6234.52,-1546.14,-5259.83,8227.93,0.213316,300.0,1150.0
400000,1134.67,-5993.16,7090.52,-2787.61,73.187,-2740.95,-3497.7,-2821.98,-11659.8,-169.192,2636.91,-3686.3,0.216999,400.0,1150.0
500000,1081.63,-8026.68,7090.52,-2788.81,69.7658,-2754.57,-1181.7,-17950.0,-4948.32,1860.81,1492.3,111.192,0.214821,500.0,1150.0
600000,1190.83,-6965.55,7090.52,-2788.44,76.8093,-2742.46,-3497.07,-11770.0,-5629.63,4284.97,-2262.35,755.838,0.27363,600.0,1150.0
700000,1214.1,-4526.3,7090.52,-2788.98,78.3102,-2730.7,-2271.78,-11498.6,191.481,-3164.05,-2967.58,-4647.44,0.328635,700.0,1150.0
800000,1202.75,-1882.59,7090.52,-2784.5,77.5786,-2715.26,1342.08,-2361.23,-4628.61,2090.17,465.745,-5376.26,0.604236,800.0,1150.0
900000,1148.66,-1660.35,7090.52,-2782.46,74.0894,-2715.72,-3485.68,625.76,-2121.14,2237.46,4437.92,-2393.19,0.946707,900.0,1150.0
1000000,1115.59,-6708.93,7090.52,-2787.23,71.9563,-2744.97,-8831.36,-5929.61,-5365.81,-6511.84,8499.87,601.316,1.07624,1000.0,1150.0
1100000,1095.65,-3694.92,7090.52,-2782.46,70.6703,-2728.14,-1360.69,-8080.19,-1643.89,-566.446,-873.375,4795.83,0.994283,1100.0,1150.0
1200000,1108.07,-4487.77,7090.52,-2784.15,71.4714,-2732.54,-8967.18,-1672.79,-2823.34,-3128.5,-1505.5,-1084.25,0.940074,1200.0,1150.0
1300000,1161.08,-3898.3,7090.52,-2786.55,74.8908,-2728.92,-2125.15,1605.06,-11174.8,2170.32,1574.33,-102.738,0.894064,1300.0,1150.0
1400000,1137.89,-5948.23,7090.52,-2783.96,73.3947,-2736.88,-7751.69,-2056.84,-8036.16,2386.99,-4586.98,-1652.91,0.819462,1400.0,1150.0
1500000,1159.25,-5338.86,7090.52,-2787.89,74.7729,-2736.74,-6090.79,-2624.1,-7301.7,4709.17,-6885.12,5104.32,0.77744,1500.0,1150.0
1600000,1144.72,-8473.01,7090.52,-2793.37,73.8351,-2757.04,-11437.9,-6231.66,-7749.46,-5639.54,3671.45,617.761,0.749652,1600.0,1150.0
1700000,1110.89,-4188.68,7090.52,-2788.91,71.6535,-2735.79,-5919.78,4822.07,-11468.3,-985.91,-1981.42,-4031.43,0.749718,1700.0,1150.0
1800000,1209.67,-3537.51,7090.52,-2788.91,78.0244,-2726.54,-1289.83,859.831,-10182.5,5564.98,-2577.8,2498.16,0.706559,1800.0,1150.0
1900000,1238.57,-2047.08,7090.52,-2781.08,79.8887,-2710.25,-2520.57,7896.85,-11517.5,1777.69,-1186.22,-1933.74,0.680351,1900.0,1150.0
2000000,1151.56,-5844.46,7090.52,-2787.76,74.2763,-2739.35,-1607.94,-9036.83,-6888.62,1915.51,-1024.42,1830.61,0.665011,2000.0,1150.0
2100000,1211.28,-2329.49,7090.52,-2788.29,78.1286,-2720.47,-892.206,-12595.7,6499.46,3571.87,-1776.7,4738.49,0.63782,2100.0,1150.0
2200000,1128.36,-6168.76,7090.52,-2787.77,72.7804,-2742.29,-9635.14,-10621.1,1749.97,-2036.35,4374.32,921.601,0.630158,2200.0,1150.0
2300000,1145.25,-8144.76,7090.52,-2784.29,73.8695,-2746.46,-6909.45,-8239.1,-9285.74,-2868.13,8266.79,901.055,0.640168,2300.0,1150.0
2400000,1147.36,-1194.66,7090.52,-2780.21,74.0054,-2711.49,-1925.73,-7573.67,5915.43,-977.028,2287.39,3057.61,0.651188,2400.0,1150.0
2500000,1095.44,-2346.16,7090.52,-2784.09,70.657,-2723.81,-7313.8,1720.48,-1445.16,-1519.39,-2967.81,-6640.93,0.669916,2500.0,1150.0
2600000,1150.91,-5590.48,7090.52,-2787.58,74.2349,-2738.09,-10074.7,-7104.53,407.765,3962.99,3253.31,-2806.83,0.649836,2600.0,1150.0
2700000,1221.9,-845.456,7090.52,-2782.75,78.8134,-2707.67,-1310.28,-1716.06,489.971,571.839,-172.671,2533.47,0.656595,2700.0,1150.0
2800000,1160.28,-667.536,7090.52,-2781.75,74.8388,-2709.87,-4328.8,2258.51,67.6764,4414.21,369.562,3427.21,0.640988,2800.0,1150.0
2900000,1094.67,-8231.22,7090.52,-2786.43,70.6071,-2752.25,-9763.55,-6744.23,-8185.88,1548.77,4942.84,-3016.11,0.630456,2900.0,1150.0
3000000,1206.84,-3216.07,7090.52,-2784.0,77.8423,-2720.39,-5774.53,-2279.9,-1593.77,4513.73,6850.49,-1881.78,0.612083,3000.0,1150.0
3100000,1181.52,-4148.98,7090.52,-2781.33,76.2087,-2723.49,6428.02,-12146.9,-6728.05,1651.3,5302.32,1535.03,0.601801,3100.0,1150.0
3200000,1173.48,-2643.5,7090.52,-2780.23,75.6901,-2716.24,-8309.35,8336.16,-7957.32,-896.104,-332.441,3912.68,0.583797,3200.0,1150.0
3300000,1125.79,-6913.69,7090.52,-2786.79,72.6141,-2744.77,-5081.18,-4791.6,-10868.3,1911.31,-4028.2,134.974,0.567808,3300.0,1150.0
3400000,1132.3,-3435.12,7090.52,-2784.39,73.0343,-2726.55,2162.07,-8082.35,-4385.07,231.586,-7492.41,2764.06,0.560751,3400.0,1150.0
3500000,1101.37,-2908.93,7090.52,-2781.87,71.0395,-2723.71,1883.89,-4895.78,-5714.9,8137.91,-5335.81,-1115.65,0.573416,3500.0,1150.0
3600000,1101.55,-2331.11,7090.52,-2780.66,71.051,-2719.92,5029.59,-179.421,-11843.5,-3416.31,1950.66,2637.01,0.614093,3600.0,1150.0
3700000,1153.68,-3649.74,7090.52,-2784.19,74.4132,-2725.93,-4026.77,-4432.76,-2489.69,-2646.47,2346.24,1380.58,0.620251,3700.0,1150.0
3800000,1256.33,-4513.92,7090.52,-2782.74,81.0341,-2721.68,-5462.23,2794.44,-10874.0,-10522.7,-4949.38,-976.1,0.635917,3800.0,1150.0
3900000,1148.7,-2132.39,7090.52,-2782.72,74.0919,-2718.07,-1681.4,-4641.55,-74.2092,5671.92,-1651.22,-3990.74,0.651422,3900.0,1150.0
4000000,1087.97,-3008.69,7090.52,-2781.4,70.175,-2724.54,45.0039,-3722.67,-5348.4,-3172.09,-947.396,1193.79,0.646407,4000.0,1150.0
4100000,1050.13,-1446.19,7090.52,-2777.71,67.7339,-2716.37,-4445.89,2278.99,-2171.69,6550.13,-3311.24,-6548.66,0.653308,4100.0,1150.0
4200000,1139.09,-2813.55,7090.52,-2782.4,73.4725,-2721.38,-1526.71,-8741.5,1827.55,4356.86,2222.24,7533.85,0.655983,4200.0,1150.0
4300000,1152.81,-6684.33,7090.52,-2787.67,74.3569,-2742.9,-4555.08,-5511.2,-9986.7,-2253.92,1346.31,2022.58,0.661743,4300.0,1150.0
4400000,1101.01,-5260.77,7090.52,-2784.67,71.0159,-2736.93,-10402.2,438.271,-5818.42,1603.06,-1479.89,-6489.34,0.644256,4400.0,1150.0
4500000,1143.7,-5376.76,7090.52,-2785.5,73.7695,-2735.53,-6574.7,-4822.19,-4733.39,4516.54,-2334.5,-2989.73,0.632525,4500.0,1150.0
4600000,1188.27,-5029.11,7090.52,-2782.49,76.6445,-2728.1,-7655.28,1638.16,-9070.2,928.729,-703.647,2587.76,0.634447,4600.0,1150.0
4700000,1182.78,-8013.68,7090.52,-2788.96,76.2906,-2748.14,-11608.1,-5268.93,-7163.99,187.619,-916.453,3694.38,0.639608,4700.0,1150.0
4800000,1121.79,-5791.49,7090.52,-2792.36,72.3563,-2745.63,-5197.78,-1583.11,-10593.6,271.226,-280.307,3633.09,0.625672,4800.0,1150.0
4900000,1164.96,-6436.43,7090.52,-2787.34,75.141,-2740.68,-2212.94,-10978.2,-6118.13,-2925.66,3337.33,552.955,0.614311,4900.0,1150.0
5000000,1223.2,-4348.86,7090.52,-2785.07,78.8971,-2725.42,-1396.71,-3665.33,-7984.54,2041.03,-1222.38,-1753.16,0.615828,5000.0,1150.0
5100000,1135.47,-2916.92,7090.52,-2785.27,73.239,-2724.94,-4885.23,-5016.83,1151.29,-5954.9,-1443.57,-249.343,0.635375,5100.0,1150.0
5200000,1233.17,-2782.34,7090.52,-2784.01,79.5405,-2716.78,103.043,-4018.72,-4431.33,929.929,2400.35,-442.283,0.638552,5200.0,1150.0
5300000,1167.79,-4013.66,7090.52,-2783.25,75.3234,-2725.69,-2342.52,-9572.11,-126.338,1654.17,7487.78,-8375.13,0.630559,5300.0,1150.0
5400000,1125.62,-1620.76,7090.52,-2780.01,72.6036,-2714.58,2137.92,-2890.52,-4109.68,119.942,-2824.5,5368.03,0.625862,5400.0,1150.0
5500000,1163.97,-2931.86,7090.52,-2780.73,75.0769,-2718.62,-4127.86,-3020.64,-1647.09,4094.71,4765.66,-222.844,0.625632,5500.0,1150.0
5600000,1144.65,82.568,7090.52,-2780.44,73.8308,-2706.25,-968.638,10471.4,-9255.06,-1246.01,-5318.37,5413.0,0.622219,5600.0,1150.0
5700000,1089.29,-2133.05,7090.52,-2778.42,70.2601,-2717.6,-1368.2,-3720.16,-1310.8,1117.44,-1512.07,-2461.54,0.615724,5700.0,1150.0
5800000,1137.54,-6774.64,7090.52,-2786.32,73.3721,-2742.93,-1073.75,-1444.52,-17805.6,1994.54,5166.27,-4653.42,0.606657,5800.0,1150.0
5900000,1137.49,-9620.82,7090.52,-2789.64,73.3688,-2758.84,-11002.5,-2571.17,-15288.8,462.351,4355.43,-5834.92,0.597693,5900.0,1150.0
6000000,1112.33,-7967.77,7090.52,-2789.82,71.746,-2753.34,-15395.2,2615.2,-11123.4,-640.133,-4251.1,-366.857,0.590953,6000.0,1150.0
6100000,1158.7,-3448.63,7090.52,-2788.52,74.7369,-2729.05,-8077.41,-3452.27,1183.8,2226.05,-962.73,-309.246,0.62413,6100.0,1150.0
6200000,1145.35,-7257.48,7090.52,-2785.78,73.8762,-2744.02,-15062.3,-716.275,-5993.89,-28.935,53.6434,-2440.1,0.675276,6200.0,1150.0
6300000,1185.24,-3433.75,7090.52,-2777.34,76.449,-2716.08,1640.84,-5104.08,-6838.02,-3145.64,-3039.3,762.585,0.664807,6300.0,1150.0
6400000,1163.93,-2063.11,7090.52,-2782.45,75.0746,-2716.51,-5473.35,-2794.33,2078.36,2877.88,4969.58,-6844.0,0.65501,6400.0,1150.0
6500000,1163.3,-4242.71,7090.52,-2783.63,75.0336,-2727.37,2487.96,-10026.0,-5190.06,-5350.71,582.026,-179.621,0.653184,6500.0,1150.0
6600000,1110.12,-6015.84,7090.52,-2792.74,71.6037,-2747.76,-6551.32,-2043.01,-9453.19,1474.54,1140.4,3166.46,0.644671,6600.0,1150.0
6700000,1142.4,-3346.91,7090.52,-2787.58,73.6856,-2728.7,-3556.28,-4568.86,-1915.58,956.599,2186.18,3681.4,0.642152,6700.0,1150.0
6800000,1114.37,-5052.31,7090.52,-2791.51,71.8776,-2741.99,-5503.53,-13513.4,3860.03,-687.279,724.549,-909.916,0.639554,6800.0,1150.0
6900000,1148.82,-5768.63,7090.52,-2790.62,74.0999,-2742.05,-3094.12,-8763.83,-5447.95,1092.42,5075.54,3471.59,0.633962,6900.0,1150.0
7000000,1198.64,-3945.97,7090.52,-2786.91,77.3135,-2727.06,3865.56,-15871.8,168.374,989.523,-880.765,2397.88,0.626043,7000.0,1150.0
7100000,1183.62,-1538.88,7090.52,-2784.08,76.3446,-2714.54,-2644.06,-1890.77,-81.8254,-970.213,-4893.79,-5392.47,0.620402,7100.0,1150.0
7200000,1107.71,-2393.56,7090.52,-2783.83,71.4484,-2722.97,-3911.88,-7140.71,3871.9,-1223.14,1431.56,-832.646,0.627511,7200.0,1150.0
7300000,1168.88,-1640.17,7090.52,-2781.51,75.394,-2713.38,-6804.27,-2639.89,4523.65,-2799.77,-8085.77,1427.24,0.6199,7300.0,1150.0
7400000,1191.64,1186.14,7090.52,-2775.72,76.8618,-2693.61,-1100.9,-2029.79,6689.09,852.565,-10819.8,734.527,0.631736,7400.0,1150.0
7500000,1076.8,-5284.28,7090.52,-2788.75,69.4542,-2742.68,-6556.27,-2814.31,-6482.26,-1102.67,2491.39,1951.87,0.640157,7500.0,1150.0
7600000,1161.72,-3168.06,7090.52,-2784.89,74.9317,-2723.98,-3752.3,-6167.7,415.821,-2014.34,1577.44,1933.95,0.656109,7600.0,1150.0
7700000,1255.17,-6770.42,7090.52,-2787.04,80.9594,-2736.05,-11447.3,1310.95,-10174.9,-3063.65,3487.75,3481.68,0.657706,7700.0,1150.0
7800000,1094.61,50.9785,7090.52,-2783.4,70.603,-2712.57,-374.576,-622.131,1149.64,-398.11,-4588.3,5009.2,0.648716,7800.0,1150.0
7900000,1162.71,-6411.4,7090.52,-2783.36,74.9956,-2736.74,-1240.72,-13559.5,-4433.93,3637.53,-2312.41,-4700.54,0.642797,7900.0,1150.0
8000000,1062.67,-8466.01,7090.52,-2792.39,68.543,-2761.31,-10984.7,-1692.08,-12721.2,-1637.65,-1299.36,1037.37,0.639007,8000.0,1150.0
8100000,1144.13,-4110.86,7090.52,-2781.88,73.7976,-2726.27,-7034.37,-1523.37,-3774.84,3836.66,-1919.11,-5609.29,0.646201,8100.0,1150.0
8200000,1100.9,-4612.17,7090.52,-2787.28,71.0088,-2736.68,-4604.26,-5563.49,-3668.76,-2484.16,2163.6,4650.14,0.642166,8200.0,1150.0
8300000,1087.98,-4638.26,7090.52,-2785.06,70.1759,-2735.41,-6759.89,-4186.75,-2968.14,-506.829,1663.47,-3659.55,0.638548,8300.0,1150.0
8400000,1089.07,-7413.14,7090.52,-2783.94,70.2456,-2746.5,-7737.69,-7199.0,-7302.75,-4612.71,6711.04,2227.6,0.633473,8400.0,1150.0
8500000,1207.34,-1856.74,7090.52,-2785.48,77.8746,-2715.82,-3232.28,1650.88,-3988.82,-8064.67,7569.24,-1055.47,0.635665,8500.0,1150.0
8600000,1115.58,-7248.39,7090.52,-2787.79,71.9559,-2747.91,-9773.07,-5404.84,-6567.27,-8403.45,1777.5,2188.72,0.63482,8600.0,1150.0
8700000,1087.85,-7415.56,7090.52,-2786.0,70.1672,-2748.66,-9652.31,-5262.62,-7331.76,-1713.38,-1594.62,2874.69,0.658846,8700.0,1150.0
8800000,1190.75,-4970.19,7090.52,-2782.24,76.8042,-2727.43,-9527.37,-2563.28,-2819.93,-3895.36,6821.11,2405.0,0.662207,8800.0,1150.0
8900000,1157.47,-4511.43,7090.52,-2787.18,74.6578,-2732.49,-9614.51,-465.873,-3453.91,-2291.9,3548.19,-1543.37,0.666136,8900.0,1150.0
9000000,1102.2,-4415.97,7090.52,-2788.87,71.093,-2737.32,-7374.25,-3933.5,-1940.17,3390.07,2719.1,-3833.19,0.667161,9000.0,1150.0
9100000,1131.89,-5361.18,7090.52,-2791.07,73.0078,-2741.79,-6931.52,-6162.14,-2989.88,-2507.25,-3438.59,2883.28,0.674778,9100.0,1150.0
9200000,1178.44,-2815.78,7090.52,-2786.41,76.0105,-2722.86,1227.46,-10333.6,658.843,-1797.0,4532.12,-4613.3,0.68563,9200.0,1150.0
9300000,1210.58,-2915.3,7090.52,-2785.62,78.0836,-2720.44,-2405.25,-4431.0,-1909.65,-2048.34,5692.46,-496.857,0.700385,9300.0,1150.0
9400000,1155.11,-5484.13,7090.52,-2784.75,74.5056,-2734.52,-10413.1,-1828.32,-4210.94,5291.74,-4870.28,3845.33,0.7079,9400.0,1150.0
9500000,1125.44,-3685.06,7090.52,-2786.63,72.5919,-2730.34,-16790.6,5708.71,26.6865,5860.99,784.743,-2944.62,0.713151,9500.0,1150.0
9600000,1132.28,-4024.41,7090.52,-2787.73,73.0331,-2732.51,-8966.04,-3450.27,343.079,3107.26,936.862,-936.768,0.708167,9600.0,1150.0
9700000,1190.56,-2530.08,7090.52,-2788.74,76.7919,-2723.15,-4661.04,659.609,-3588.83,-4341.3,-1832.11,191.461,0.706247,9700.0,1150.0
9800000,1172.89,-4013.47,7090.52,-2786.87,75.6522,-2728.98,-7054.42,-207.784,-4778.21,-1245.61,-3807.13,-804.755,0.699772,9800.0,1150.0
9900000,1188.8,-3373.27,7090.52,-2787.09,76.6784,-2725.34,-5418.2,-8178.97,3477.35,2620.65,-5914.87,544.091,0.700499,9900.0,1150.0
10000000,1197.86,-1719.93,7090.52,-2785.08,77.2628,-2715.43,-2048.63,999.283,-4110.45,4493.13,-4044.94,-582.527,0.695116,10000.0,1150.0
