TimeStep,temp,pressure,vol,pe,ke,enthalpy,pxx,pyy,pzz,pxy,pxz,pyz,visc,time,hold_temp
0,905.468,3264.42,9080.38,-2401.36,58.4034,-2324.46,138.924,6764.44,2889.9,4404.73,-574.759,884.474,0.00236702,0.0,950.0
100000,943.941,1803.8,9080.38,-2406.29,60.885,-2335.18,3188.22,641.674,1581.52,-3239.25,-1639.2,-2238.33,-0.00995479,100.0,950.0
200000,957.208,2284.36,9080.38,-2406.4,61.7407,-2331.71,4114.27,-318.168,3056.99,2065.78,1371.59,210.744,0.0454993,200.0,950.0
300000,911.702,3726.95,9080.38,-2406.09,58.8055,-2326.16,3739.85,-2366.33,9807.34,3139.98,-169.174,-1036.26,0.019956,300.0,950.0
400000,1015.44,5104.37,9080.38,-2400.74,65.4969,-2306.32,5913.06,5504.98,3895.06,2550.5,4002.92,429.115,0.0252198,400.0,950.0
500000,900.199,2445.56,9080.38,-2404.88,58.0636,-2332.95,470.073,2996.69,3869.92,-2036.11,-600.694,1448.86,0.0270424,500.0,950.0
600000,893.888,2422.87,9080.38,-2405.75,57.6565,-2334.37,-1060.63,3279.0,5050.24,-2585.05,4277.31,-2638.36,0.0262333,600.0,950.0
700000,953.136,2846.15,9080.38,-2407.45,61.478,-2329.84,544.092,3468.08,4526.29,402.576,-1712.5,-1435.54,0.0288612,700.0,950.0
800000,969.357,2896.15,9080.38,-2404.54,62.5243,-2325.61,-156.067,3028.14,5816.39,-941.32,3312.46,-1835.68,0.0273526,800.0,950.0
900000,952.76,1848.7,9080.38,-2409.01,61.4538,-2337.07,-1083.95,2528.71,4101.33,1037.81,936.242,-2391.3,0.023699,900.0,950.0
1000000,915.67,1290.54,9080.38,-2401.78,59.0615,-2335.4,2275.8,-3260.26,4856.07,-1661.09,-3294.0,523.59,0.0242856,1000.0,950.0
1100000,997.283,3567.32,9080.38,-2406.68,64.3256,-2322.13,3554.39,4120.31,3027.26,-761.52,1898.37,-2421.56,0.0226129,1100.0,950.0
1200000,994.085,1218.7,9080.38,-2409.06,64.1193,-2338.03,107.473,1118.33,2430.29,488.172,1095.5,-1623.24,0.0234617,1200.0,950.0
1300000,902.958,1153.53,9080.38,-2406.79,58.2415,-2342.01,1425.12,-399.258,2434.74,-2882.73,663.062,2678.23,0.0322901,1300.0,950.0
1400000,985.201,5363.1,9080.38,-2400.66,63.5463,-2306.72,6881.06,4353.18,4855.05,2958.24,3176.31,-1066.38,0.0265532,1400.0,950.0
1500000,990.885,5388.98,9080.38,-2398.13,63.9129,-2303.67,7454.18,6817.48,1895.29,1862.48,644.597,1627.48,0.0247862,1500.0,950.0
1600000,952.348,4144.31,9080.38,-2400.78,61.4272,-2315.87,5059.41,4106.6,3266.92,4143.55,-3308.95,-3189.9,0.0274456,1600.0,950.0
1700000,924.491,4602.08,9080.38,-2404.67,59.6304,-2318.95,4856.94,2419.22,6530.08,-2170.92,-573.598,-2254.96,0.0289699,1700.0,950.0
1800000,948.014,3661.72,9080.38,-2404.98,61.1477,-2323.08,7477.39,-1327.82,4835.57,-2161.31,143.937,596.989,0.0301607,1800.0,950.0
1900000,1009.91,734.176,9080.38,-2410.07,65.1402,-2340.76,4210.12,2925.38,-4932.98,408.126,3319.43,4212.03,0.0297712,1900.0,950.0
2000000,967.672,4117.84,9080.38,-2399.0,62.4156,-2313.24,6691.3,829.003,4833.23,-821.484,137.388,1870.04,0.0335581,2000.0,950.0
2100000,914.466,1876.08,9080.38,-2407.21,58.9838,-2337.59,4210.82,-80.8804,1498.29,1250.49,5511.29,1177.7,0.0348642,2100.0,950.0
2200000,965.002,4488.69,9080.38,-2402.09,62.2434,-2314.4,7306.29,880.347,5279.42,3783.82,-404.784,-231.28,0.0344014,2200.0,950.0
2300000,965.34,1423.4,9080.38,-2407.35,62.2652,-2337.02,5763.55,1261.29,-2754.65,1685.46,-1167.81,-4366.05,0.0327493,2300.0,950.0
2400000,1003.18,3761.17,9080.38,-2401.4,64.7061,-2315.38,7382.78,-3394.23,7294.98,318.973,-1556.33,-869.877,0.0334813,2400.0,950.0
2500000,943.63,1786.81,9080.38,-2405.7,60.8649,-2334.71,2311.43,2204.13,844.857,-2348.06,1896.96,-1808.95,0.0342143,2500.0,950.0
2600000,998.729,2446.19,9080.38,-2407.66,64.4188,-2329.37,1789.8,5368.0,180.776,-736.018,2881.06,1741.98,0.0348755,2600.0,950.0
2700000,1000.72,4175.61,9080.38,-2405.77,64.5471,-2317.56,6857.86,489.456,5179.52,-1043.96,740.62,-988.721,0.0346003,2700.0,950.0
2800000,952.831,1679.97,9080.38,-2406.1,61.4584,-2335.12,3350.2,1143.97,545.752,-51.7394,2768.78,-1281.84,0.034746,2800.0,950.0
2900000,898.772,1882.09,9080.38,-2406.62,57.9715,-2337.98,2080.34,-561.713,4127.64,1743.6,1411.28,447.708,0.0340437,2900.0,950.0
3000000,954.317,3562.79,9080.38,-2401.32,61.5542,-2319.57,3383.48,1715.07,5589.83,-6380.02,-6401.48,6103.23,0.0338963,3000.0,950.0
3100000,937.699,3368.45,9080.38,-2403.1,60.4824,-2323.53,1349.02,2846.79,5909.56,3296.13,-1.03372,3319.93,0.0340043,3100.0,950.0
3200000,939.784,4798.67,9080.38,-2402.82,60.6168,-2315.0,6226.42,6061.84,2107.74,-466.531,-3168.51,-3113.8,0.0326843,3200.0,950.0
3300000,1002.96,5001.02,9080.38,-2400.93,64.6917,-2307.89,6180.82,3065.34,5756.89,1388.0,382.897,-2471.36,0.03195,3300.0,950.0
3400000,948.941,2723.99,9080.38,-2403.91,61.2074,-2327.26,3336.67,5542.63,-707.318,-2891.91,4410.45,-256.02,0.0311673,3400.0,950.0
3500000,900.06,3109.7,9080.38,-2406.03,58.0546,-2330.35,6762.11,-4443.9,7010.89,-1566.59,1850.9,-2347.14,0.0308796,3500.0,950.0
3600000,936.387,6590.77,9080.38,-2398.97,60.3977,-2301.22,6849.81,4814.18,8108.32,1842.01,530.576,1537.91,0.030506,3600.0,950.0
3700000,943.326,3216.8,9080.38,-2400.55,60.8453,-2321.47,6289.73,2988.32,372.337,-1319.14,1507.77,1521.64,0.0305356,3700.0,950.0
3800000,987.776,5130.66,9080.38,-2403.01,63.7124,-2310.22,5354.02,2087.18,7950.79,-1623.37,-1423.95,-2147.87,0.0325349,3800.0,950.0
3900000,953.466,2994.76,9080.38,-2404.99,61.4993,-2326.51,1355.01,3996.27,3633.0,848.234,-2250.09,393.121,0.0314991,3900.0,950.0
4000000,949.708,5065.05,9080.38,-2401.1,61.2569,-2311.13,3023.38,7878.03,4293.75,202.634,21.989,-4882.88,0.0319043,4000.0,950.0
4100000,967.087,792.893,9080.38,-2408.79,62.3779,-2341.92,2923.66,1754.7,-2299.68,-1623.76,-153.613,-1858.46,0.0317516,4100.0,950.0
4200000,923.764,5274.44,9080.38,-2399.84,59.5835,-2310.36,3848.08,2948.6,9026.63,3246.35,1195.83,-3001.7,0.0309287,4200.0,950.0
4300000,870.28,2029.02,9080.38,-2406.14,56.1338,-2338.5,3292.92,1430.83,1363.29,-2123.9,2856.97,-2277.11,0.0308625,4300.0,950.0
4400000,932.649,1706.38,9080.38,-2402.63,60.1566,-2332.8,4734.65,-2823.39,3207.89,-1118.5,1711.81,1602.79,0.0313024,4400.0,950.0
4500000,956.042,3725.86,9080.38,-2400.29,61.6655,-2317.51,2737.34,688.332,7751.91,3076.77,579.94,848.257,0.0310084,4500.0,950.0
4600000,984.095,2421.81,9080.38,-2402.68,63.4749,-2325.47,1772.95,6868.89,-1376.42,1622.23,1215.92,-272.712,0.030554,4600.0,950.0
4700000,922.145,4366.33,9080.38,-2405.46,59.4791,-2321.23,3504.17,7879.96,1714.87,-1365.56,-3520.89,1205.55,0.0314869,4700.0,950.0
4800000,999.953,3309.36,9080.38,-2404.01,64.4978,-2320.76,325.748,6436.85,3165.46,-2966.62,-3633.43,-1787.43,0.0314413,4800.0,950.0
4900000,975.836,3690.23,9080.38,-2402.59,62.9422,-2318.73,5529.52,1286.16,4255.02,1761.19,-1657.82,-749.486,0.0308818,4900.0,950.0
5000000,974.075,4241.42,9080.38,-2400.35,62.8286,-2313.49,4331.98,3079.68,5312.62,1515.8,-788.212,1363.95,0.030958,5000.0,950.0
5100000,943.278,870.33,9080.38,-2406.45,60.8422,-2340.68,1966.42,912.118,-267.545,431.117,-2605.59,-749.857,0.0309,5100.0,950.0
5200000,1013.45,3751.49,9080.38,-2402.07,65.3686,-2315.44,4669.24,1593.37,4991.87,-2459.51,939.045,1361.25,0.0306502,5200.0,950.0
5300000,972.583,6175.97,9080.38,-2401.14,62.7324,-2303.4,7109.46,8781.78,2636.67,4633.91,2023.48,-630.148,0.031034,5300.0,950.0
5400000,1010.23,5066.26,9080.38,-2404.17,65.1605,-2310.29,4020.41,7662.16,3516.22,2747.24,-1764.37,-409.162,0.0309873,5400.0,950.0
5500000,981.976,6635.37,9080.38,-2399.58,63.3383,-2298.63,3058.12,4670.55,12177.4,885.131,-350.719,1384.23,0.0318205,5500.0,950.0
5600000,961.239,2200.81,9080.38,-2405.46,62.0007,-2330.98,308.638,5266.94,1026.85,-865.279,-4998.29,-1139.87,0.0311499,5600.0,950.0
5700000,886.205,125.236,9080.38,-2407.34,57.1609,-2349.46,2161.14,-3684.33,1898.89,-1968.39,1827.04,662.186,0.0310135,5700.0,950.0
5800000,1008.45,6544.61,9080.38,-2400.32,65.046,-2298.19,5229.98,7698.09,6705.76,2194.25,1008.74,-2093.75,0.0308603,5800.0,950.0
5900000,893.939,3438.68,9080.38,-2404.33,57.6598,-2327.18,1666.85,2420.41,6228.78,15.9155,-3373.92,2215.3,0.031233,5900.0,950.0
6000000,1018.71,1904.45,9080.38,-2409.72,65.7075,-2333.22,-3009.83,6764.55,1958.64,-159.391,2627.45,3134.51,0.0308852,6000.0,950.0
6100000,989.307,3146.21,9080.38,-2402.49,63.8111,-2320.85,4684.68,3399.78,1354.17,3114.2,869.163,5083.74,0.0309801,6100.0,950.0
6200000,998.157,2873.89,9080.38,-2403.68,64.3819,-2323.01,4082.93,386.476,4152.27,404.166,562.438,-4047.19,0.0310269,6200.0,950.0
6300000,924.247,1534.68,9080.38,-2407.25,59.6147,-2338.94,3794.63,490.039,319.377,1706.99,-1037.04,-1618.86,0.030807,6300.0,950.0
6400000,963.774,2110.59,9080.38,-2404.87,62.1642,-2330.75,834.443,-827.768,6325.1,-655.266,702.631,-3889.13,0.0305862,6400.0,950.0
6500000,937.899,2044.28,9080.38,-2407.09,60.4952,-2335.01,-1095.43,618.663,6609.62,-2326.39,-1958.93,4601.32,0.0312822,6500.0,950.0
6600000,950.867,6758.52,9080.38,-2402.17,61.3317,-2302.53,3967.6,6826.28,9481.69,2603.17,-2691.28,-1756.25,0.0306958,6600.0,950.0
6700000,977.422,793.676,9080.38,-2403.68,63.0445,-2336.13,7898.74,-3183.64,-2334.07,-319.503,955.809,-258.959,0.0308869,6700.0,950.0
6800000,919.252,2483.14,9080.38,-2405.41,59.2925,-2332.04,-4327.7,5368.28,6408.85,-957.295,1039.27,-4621.87,0.0306251,6800.0,950.0
6900000,894.37,3535.27,9080.38,-2402.25,57.6876,-2324.52,-303.594,5437.36,5472.05,858.122,1151.23,-20.2771,0.0300095,6900.0,950.0
7000000,963.789,5358.83,9080.38,-2402.46,62.1651,-2309.93,5390.3,4315.13,6371.07,1468.03,-3421.13,3737.84,0.0296255,7000.0,950.0
7100000,907.777,2261.56,9080.38,-2401.03,58.5524,-2329.66,512.958,2707.91,3563.81,4085.86,2359.27,-1525.02,0.0291124,7100.0,950.0
7200000,884.265,352.214,9080.38,-2406.79,57.0358,-2347.76,713.386,-2450.03,2793.28,-1000.2,2513.33,1332.93,0.0290491,7200.0,950.0
7300000,907.014,3974.09,9080.38,-2401.67,58.5031,-2320.64,2073.89,2794.63,7053.75,-494.171,537.905,-1652.12,0.0291944,7300.0,950.0
7400000,940.637,1831.61,9080.38,-2406.8,60.6718,-2335.75,4739.98,4577.17,-3822.32,1638.47,1712.24,165.404,0.0290404,7400.0,950.0
7500000,897.573,816.692,9080.38,-2407.86,57.8942,-2345.33,-3559.02,4385.52,1623.58,1758.81,4.1806,967.727,0.0289748,7500.0,950.0
7600000,945.038,2331.77,9080.38,-2400.89,60.9557,-2326.72,2591.15,1901.14,2503.03,240.335,2854.57,749.273,0.0293103,7600.0,950.0
7700000,961.451,4074.42,9080.38,-2402.15,62.0144,-2317.04,3658.59,4700.57,3864.09,1641.76,1836.87,870.354,0.0289199,7700.0,950.0
7800000,975.994,2683.46,9080.38,-2401.59,62.9524,-2323.42,1680.78,1102.04,5267.56,1489.16,670.656,-756.12,0.0286337,7800.0,950.0
7900000,974.641,4526.79,9080.38,-2406.17,62.8652,-2317.65,3912.43,8545.23,1122.7,-686.713,-1714.18,1089.75,0.0286781,7900.0,950.0
8000000,858.094,3410.76,9080.38,-2400.72,55.3478,-2326.04,2408.41,5786.07,2037.81,-2226.88,2630.28,508.178,0.0284692,8000.0,950.0
8100000,953.805,2052.07,9080.38,-2405.89,61.5212,-2332.73,5541.34,-353.781,968.643,80.1519,-3670.46,3639.38,0.028528,8100.0,950.0
8200000,952.551,2785.43,9080.38,-2400.91,61.4403,-2323.68,2871.65,5825.73,-341.088,-1351.31,1307.4,2019.55,0.0280694,8200.0,950.0
8300000,964.414,4170.13,9080.38,-2401.55,62.2055,-2315.71,3348.15,3619.36,5542.88,-3782.73,2462.54,-1977.15,0.0288113,8300.0,950.0
8400000,924.841,6470.87,9080.38,-2400.27,59.653,-2303.94,10965.3,8631.99,-184.668,-406.505,1734.12,2778.29,0.0283899,8400.0,950.0
8500000,982.855,2724.12,9080.38,-2403.91,63.3949,-2325.08,7406.11,648.899,117.354,-5392.9,-3474.24,-4054.44,0.028571,8500.0,950.0
8600000,885.8,3455.02,9080.38,-2405.23,57.1349,-2328.51,1809.65,2876.77,5678.65,1600.32,401.956,2474.89,0.0286717,8600.0,950.0
8700000,997.317,4737.15,9080.38,-2402.14,64.3277,-2310.97,7254.83,5126.08,1830.55,-3977.41,-2487.23,1745.79,0.0294862,8700.0,950.0
8800000,968.277,5765.28,9080.38,-2403.56,62.4546,-2308.44,7452.93,3948.82,5894.11,661.47,589.88,290.744,0.0294911,8800.0,950.0
8900000,938.77,4596.62,9080.38,-2406.19,60.5514,-2319.58,6989.84,3547.79,3252.23,-382.024,592.971,1678.89,0.0295051,8900.0,950.0
9000000,953.048,3906.91,9080.38,-2405.53,61.4724,-2321.91,4693.38,3782.7,3244.64,-737.032,2570.66,-35.1251,0.0307539,9000.0,950.0
9100000,914.855,3549.95,9080.38,-2404.48,59.0089,-2325.35,6767.96,3643.02,238.876,-1614.83,1916.25,-3720.4,0.0315647,9100.0,950.0
9200000,900.015,3874.08,9080.38,-2402.93,58.0517,-2322.92,3809.04,5708.7,2104.5,-988.008,138.512,-750.246,0.0318406,9200.0,950.0
9300000,913.56,6247.82,9080.38,-2397.05,58.9253,-2302.71,5473.22,8726.1,4544.14,3432.67,-1491.37,2940.51,0.0317063,9300.0,950.0
9400000,930.379,4269.94,9080.38,-2404.31,60.0102,-2320.1,5184.61,2611.65,5013.56,2350.12,1015.88,-1409.13,0.0319526,9400.0,950.0
9500000,912.032,1658.04,9080.38,-2404.02,58.8268,-2335.79,3014.43,1386.18,573.506,-1416.59,-3950.26,-2474.06,0.0331076,9500.0,950.0
9600000,883.034,1363.87,9080.38,-2404.76,56.9564,-2340.08,2798.04,4601.54,-3307.97,-817.792,2321.04,-2611.66,0.0334867,9600.0,950.0
9700000,915.742,3124.23,9080.38,-2399.58,59.0661,-2322.8,478.859,3568.69,5325.13,1097.71,-2767.47,-1488.13,0.0330898,9700.0,950.0
9800000,980.108,7251.96,9080.38,-2399.64,63.2178,-2295.32,8133.65,4681.52,8940.72,3351.34,519.64,2746.55,0.0332301,9800.0,950.0
9900000,867.744,3228.92,9080.38,-2403.1,55.9702,-2328.83,9430.45,-1924.62,2180.93,2016.03,2500.2,-1608.03,0.0329085,9900.0,950.0
10000000,1047.77,4144.05,9080.38,-2404.36,67.5818,-2313.29,6066.95,4368.7,1996.51,-1079.22,310.394,549.257,0.0328062,10000.0,950.0
